,id_sim,round,attendance,id_player,decision,score,model,threshold,num_agents
0,aa78ed16-0bf9-11f0-8da2-beb3bfa57af2,0,"[0, 0, 1, 1, 0, 0, 1]",0,0,0,,1.0,7
1,aa78ed16-0bf9-11f0-8da2-beb3bfa57af2,0,"[0, 0, 1, 1, 0, 0, 1]",1,0,0,,1.0,7
2,aa78ed16-0bf9-11f0-8da2-beb3bfa57af2,0,"[0, 0, 1, 1, 0, 0, 1]",2,1,1,,1.0,7
3,aa78ed16-0bf9-11f0-8da2-beb3bfa57af2,0,"[0, 0, 1, 1, 0, 0, 1]",3,1,1,,1.0,7
4,aa78ed16-0bf9-11f0-8da2-beb3bfa57af2,0,"[0, 0, 1, 1, 0, 0, 1]",4,0,0,,1.0,7
5,aa78ed16-0bf9-11f0-8da2-beb3bfa57af2,0,"[0, 0, 1, 1, 0, 0, 1]",5,0,0,,1.0,7
6,aa78ed16-0bf9-11f0-8da2-beb3bfa57af2,0,"[0, 0, 1, 1, 0, 0, 1]",6,1,1,,1.0,7
7,aa78ed16-0bf9-11f0-8da2-beb3bfa57af2,1,"[0, 0, 0, 0, 0, 0, 0]",0,0,0,,1.0,7
8,aa78ed16-0bf9-11f0-8da2-beb3bfa57af2,1,"[0, 0, 0, 0, 0, 0, 0]",1,0,0,,1.0,7
9,aa78ed16-0bf9-11f0-8da2-beb3bfa57af2,1,"[0, 0, 0, 0, 0, 0, 0]",2,0,0,,1.0,7
10,aa78ed16-0bf9-11f0-8da2-beb3bfa57af2,1,"[0, 0, 0, 0, 0, 0, 0]",3,0,0,,1.0,7
11,aa78ed16-0bf9-11f0-8da2-beb3bfa57af2,1,"[0, 0, 0, 0, 0, 0, 0]",4,0,0,,1.0,7
12,aa78ed16-0bf9-11f0-8da2-beb3bfa57af2,1,"[0, 0, 0, 0, 0, 0, 0]",5,0,0,,1.0,7
13,aa78ed16-0bf9-11f0-8da2-beb3bfa57af2,1,"[0, 0, 0, 0, 0, 0, 0]",6,0,0,,1.0,7
14,aa78ed16-0bf9-11f0-8da2-beb3bfa57af2,2,"[0, 1, 0, 1, 1, 1, 0]",0,0,0,,1.0,7
15,aa78ed16-0bf9-11f0-8da2-beb3bfa57af2,2,"[0, 1, 0, 1, 1, 1, 0]",1,1,1,,1.0,7
16,aa78ed16-0bf9-11f0-8da2-beb3bfa57af2,2,"[0, 1, 0, 1, 1, 1, 0]",2,0,0,,1.0,7
17,aa78ed16-0bf9-11f0-8da2-beb3bfa57af2,2,"[0, 1, 0, 1, 1, 1, 0]",3,1,1,,1.0,7
18,aa78ed16-0bf9-11f0-8da2-beb3bfa57af2,2,"[0, 1, 0, 1, 1, 1, 0]",4,1,1,,1.0,7
19,aa78ed16-0bf9-11f0-8da2-beb3bfa57af2,2,"[0, 1, 0, 1, 1, 1, 0]",5,1,1,,1.0,7
20,aa78ed16-0bf9-11f0-8da2-beb3bfa57af2,2,"[0, 1, 0, 1, 1, 1, 0]",6,0,0,,1.0,7
21,aa78ed16-0bf9-11f0-8da2-beb3bfa57af2,3,"[0, 1, 1, 0, 0, 0, 0]",0,0,0,,1.0,7
22,aa78ed16-0bf9-11f0-8da2-beb3bfa57af2,3,"[0, 1, 1, 0, 0, 0, 0]",1,1,1,,1.0,7
23,aa78ed16-0bf9-11f0-8da2-beb3bfa57af2,3,"[0, 1, 1, 0, 0, 0, 0]",2,1,1,,1.0,7
24,aa78ed16-0bf9-11f0-8da2-beb3bfa57af2,3,"[0, 1, 1, 0, 0, 0, 0]",3,0,0,,1.0,7
25,aa78ed16-0bf9-11f0-8da2-beb3bfa57af2,3,"[0, 1, 1, 0, 0, 0, 0]",4,0,0,,1.0,7
26,aa78ed16-0bf9-11f0-8da2-beb3bfa57af2,3,"[0, 1, 1, 0, 0, 0, 0]",5,0,0,,1.0,7
27,aa78ed16-0bf9-11f0-8da2-beb3bfa57af2,3,"[0, 1, 1, 0, 0, 0, 0]",6,0,0,,1.0,7
28,aa78ed16-0bf9-11f0-8da2-beb3bfa57af2,4,"[1, 0, 0, 0, 1, 0, 1]",0,1,1,,1.0,7
29,aa78ed16-0bf9-11f0-8da2-beb3bfa57af2,4,"[1, 0, 0, 0, 1, 0, 1]",1,0,0,,1.0,7
30,aa78ed16-0bf9-11f0-8da2-beb3bfa57af2,4,"[1, 0, 0, 0, 1, 0, 1]",2,0,0,,1.0,7
31,aa78ed16-0bf9-11f0-8da2-beb3bfa57af2,4,"[1, 0, 0, 0, 1, 0, 1]",3,0,0,,1.0,7
32,aa78ed16-0bf9-11f0-8da2-beb3bfa57af2,4,"[1, 0, 0, 0, 1, 0, 1]",4,1,1,,1.0,7
33,aa78ed16-0bf9-11f0-8da2-beb3bfa57af2,4,"[1, 0, 0, 0, 1, 0, 1]",5,0,0,,1.0,7
34,aa78ed16-0bf9-11f0-8da2-beb3bfa57af2,4,"[1, 0, 0, 0, 1, 0, 1]",6,1,1,,1.0,7
35,aa78ed16-0bf9-11f0-8da2-beb3bfa57af2,5,"[1, 0, 1, 0, 0, 0, 1]",0,1,1,,1.0,7
36,aa78ed16-0bf9-11f0-8da2-beb3bfa57af2,5,"[1, 0, 1, 0, 0, 0, 1]",1,0,0,,1.0,7
37,aa78ed16-0bf9-11f0-8da2-beb3bfa57af2,5,"[1, 0, 1, 0, 0, 0, 1]",2,1,1,,1.0,7
38,aa78ed16-0bf9-11f0-8da2-beb3bfa57af2,5,"[1, 0, 1, 0, 0, 0, 1]",3,0,0,,1.0,7
39,aa78ed16-0bf9-11f0-8da2-beb3bfa57af2,5,"[1, 0, 1, 0, 0, 0, 1]",4,0,0,,1.0,7
40,aa78ed16-0bf9-11f0-8da2-beb3bfa57af2,5,"[1, 0, 1, 0, 0, 0, 1]",5,0,0,,1.0,7
41,aa78ed16-0bf9-11f0-8da2-beb3bfa57af2,5,"[1, 0, 1, 0, 0, 0, 1]",6,1,1,,1.0,7
42,aa78ed16-0bf9-11f0-8da2-beb3bfa57af2,6,"[1, 1, 1, 1, 0, 1, 1]",0,1,1,,1.0,7
43,aa78ed16-0bf9-11f0-8da2-beb3bfa57af2,6,"[1, 1, 1, 1, 0, 1, 1]",1,1,1,,1.0,7
44,aa78ed16-0bf9-11f0-8da2-beb3bfa57af2,6,"[1, 1, 1, 1, 0, 1, 1]",2,1,1,,1.0,7
45,aa78ed16-0bf9-11f0-8da2-beb3bfa57af2,6,"[1, 1, 1, 1, 0, 1, 1]",3,1,1,,1.0,7
46,aa78ed16-0bf9-11f0-8da2-beb3bfa57af2,6,"[1, 1, 1, 1, 0, 1, 1]",4,0,0,,1.0,7
47,aa78ed16-0bf9-11f0-8da2-beb3bfa57af2,6,"[1, 1, 1, 1, 0, 1, 1]",5,1,1,,1.0,7
48,aa78ed16-0bf9-11f0-8da2-beb3bfa57af2,6,"[1, 1, 1, 1, 0, 1, 1]",6,1,1,,1.0,7
49,aa78ed16-0bf9-11f0-8da2-beb3bfa57af2,7,"[1, 0, 1, 1, 0, 0, 0]",0,1,1,,1.0,7
50,aa78ed16-0bf9-11f0-8da2-beb3bfa57af2,7,"[1, 0, 1, 1, 0, 0, 0]",1,0,0,,1.0,7
51,aa78ed16-0bf9-11f0-8da2-beb3bfa57af2,7,"[1, 0, 1, 1, 0, 0, 0]",2,1,1,,1.0,7
52,aa78ed16-0bf9-11f0-8da2-beb3bfa57af2,7,"[1, 0, 1, 1, 0, 0, 0]",3,1,1,,1.0,7
53,aa78ed16-0bf9-11f0-8da2-beb3bfa57af2,7,"[1, 0, 1, 1, 0, 0, 0]",4,0,0,,1.0,7
54,aa78ed16-0bf9-11f0-8da2-beb3bfa57af2,7,"[1, 0, 1, 1, 0, 0, 0]",5,0,0,,1.0,7
55,aa78ed16-0bf9-11f0-8da2-beb3bfa57af2,7,"[1, 0, 1, 1, 0, 0, 0]",6,0,0,,1.0,7
56,aa78ed16-0bf9-11f0-8da2-beb3bfa57af2,8,"[1, 0, 1, 1, 1, 1, 1]",0,1,1,,1.0,7
57,aa78ed16-0bf9-11f0-8da2-beb3bfa57af2,8,"[1, 0, 1, 1, 1, 1, 1]",1,0,0,,1.0,7
58,aa78ed16-0bf9-11f0-8da2-beb3bfa57af2,8,"[1, 0, 1, 1, 1, 1, 1]",2,1,1,,1.0,7
59,aa78ed16-0bf9-11f0-8da2-beb3bfa57af2,8,"[1, 0, 1, 1, 1, 1, 1]",3,1,1,,1.0,7
60,aa78ed16-0bf9-11f0-8da2-beb3bfa57af2,8,"[1, 0, 1, 1, 1, 1, 1]",4,1,1,,1.0,7
61,aa78ed16-0bf9-11f0-8da2-beb3bfa57af2,8,"[1, 0, 1, 1, 1, 1, 1]",5,1,1,,1.0,7
62,aa78ed16-0bf9-11f0-8da2-beb3bfa57af2,8,"[1, 0, 1, 1, 1, 1, 1]",6,1,1,,1.0,7
63,aa78ed16-0bf9-11f0-8da2-beb3bfa57af2,9,"[1, 1, 0, 1, 0, 1, 0]",0,1,1,,1.0,7
64,aa78ed16-0bf9-11f0-8da2-beb3bfa57af2,9,"[1, 1, 0, 1, 0, 1, 0]",1,1,1,,1.0,7
65,aa78ed16-0bf9-11f0-8da2-beb3bfa57af2,9,"[1, 1, 0, 1, 0, 1, 0]",2,0,0,,1.0,7
66,aa78ed16-0bf9-11f0-8da2-beb3bfa57af2,9,"[1, 1, 0, 1, 0, 1, 0]",3,1,1,,1.0,7
67,aa78ed16-0bf9-11f0-8da2-beb3bfa57af2,9,"[1, 1, 0, 1, 0, 1, 0]",4,0,0,,1.0,7
68,aa78ed16-0bf9-11f0-8da2-beb3bfa57af2,9,"[1, 1, 0, 1, 0, 1, 0]",5,1,1,,1.0,7
69,aa78ed16-0bf9-11f0-8da2-beb3bfa57af2,9,"[1, 1, 0, 1, 0, 1, 0]",6,0,0,,1.0,7
70,aa78ed16-0bf9-11f0-8da2-beb3bfa57af2,10,"[1, 0, 0, 1, 1, 1, 1]",0,1,1,,1.0,7
71,aa78ed16-0bf9-11f0-8da2-beb3bfa57af2,10,"[1, 0, 0, 1, 1, 1, 1]",1,0,0,,1.0,7
72,aa78ed16-0bf9-11f0-8da2-beb3bfa57af2,10,"[1, 0, 0, 1, 1, 1, 1]",2,0,0,,1.0,7
73,aa78ed16-0bf9-11f0-8da2-beb3bfa57af2,10,"[1, 0, 0, 1, 1, 1, 1]",3,1,1,,1.0,7
74,aa78ed16-0bf9-11f0-8da2-beb3bfa57af2,10,"[1, 0, 0, 1, 1, 1, 1]",4,1,1,,1.0,7
75,aa78ed16-0bf9-11f0-8da2-beb3bfa57af2,10,"[1, 0, 0, 1, 1, 1, 1]",5,1,1,,1.0,7
76,aa78ed16-0bf9-11f0-8da2-beb3bfa57af2,10,"[1, 0, 0, 1, 1, 1, 1]",6,1,1,,1.0,7
77,aa78ed16-0bf9-11f0-8da2-beb3bfa57af2,11,"[1, 1, 0, 0, 0, 0, 1]",0,1,1,,1.0,7
78,aa78ed16-0bf9-11f0-8da2-beb3bfa57af2,11,"[1, 1, 0, 0, 0, 0, 1]",1,1,1,,1.0,7
79,aa78ed16-0bf9-11f0-8da2-beb3bfa57af2,11,"[1, 1, 0, 0, 0, 0, 1]",2,0,0,,1.0,7
80,aa78ed16-0bf9-11f0-8da2-beb3bfa57af2,11,"[1, 1, 0, 0, 0, 0, 1]",3,0,0,,1.0,7
81,aa78ed16-0bf9-11f0-8da2-beb3bfa57af2,11,"[1, 1, 0, 0, 0, 0, 1]",4,0,0,,1.0,7
82,aa78ed16-0bf9-11f0-8da2-beb3bfa57af2,11,"[1, 1, 0, 0, 0, 0, 1]",5,0,0,,1.0,7
83,aa78ed16-0bf9-11f0-8da2-beb3bfa57af2,11,"[1, 1, 0, 0, 0, 0, 1]",6,1,1,,1.0,7
84,aa78ed16-0bf9-11f0-8da2-beb3bfa57af2,12,"[0, 1, 0, 1, 1, 1, 1]",0,0,0,,1.0,7
85,aa78ed16-0bf9-11f0-8da2-beb3bfa57af2,12,"[0, 1, 0, 1, 1, 1, 1]",1,1,1,,1.0,7
86,aa78ed16-0bf9-11f0-8da2-beb3bfa57af2,12,"[0, 1, 0, 1, 1, 1, 1]",2,0,0,,1.0,7
87,aa78ed16-0bf9-11f0-8da2-beb3bfa57af2,12,"[0, 1, 0, 1, 1, 1, 1]",3,1,1,,1.0,7
88,aa78ed16-0bf9-11f0-8da2-beb3bfa57af2,12,"[0, 1, 0, 1, 1, 1, 1]",4,1,1,,1.0,7
89,aa78ed16-0bf9-11f0-8da2-beb3bfa57af2,12,"[0, 1, 0, 1, 1, 1, 1]",5,1,1,,1.0,7
90,aa78ed16-0bf9-11f0-8da2-beb3bfa57af2,12,"[0, 1, 0, 1, 1, 1, 1]",6,1,1,,1.0,7
91,aa78ed16-0bf9-11f0-8da2-beb3bfa57af2,13,"[0, 1, 1, 0, 0, 0, 1]",0,0,0,,1.0,7
92,aa78ed16-0bf9-11f0-8da2-beb3bfa57af2,13,"[0, 1, 1, 0, 0, 0, 1]",1,1,1,,1.0,7
93,aa78ed16-0bf9-11f0-8da2-beb3bfa57af2,13,"[0, 1, 1, 0, 0, 0, 1]",2,1,1,,1.0,7
94,aa78ed16-0bf9-11f0-8da2-beb3bfa57af2,13,"[0, 1, 1, 0, 0, 0, 1]",3,0,0,,1.0,7
95,aa78ed16-0bf9-11f0-8da2-beb3bfa57af2,13,"[0, 1, 1, 0, 0, 0, 1]",4,0,0,,1.0,7
96,aa78ed16-0bf9-11f0-8da2-beb3bfa57af2,13,"[0, 1, 1, 0, 0, 0, 1]",5,0,0,,1.0,7
97,aa78ed16-0bf9-11f0-8da2-beb3bfa57af2,13,"[0, 1, 1, 0, 0, 0, 1]",6,1,1,,1.0,7
98,aa78ed16-0bf9-11f0-8da2-beb3bfa57af2,14,"[0, 1, 1, 1, 1, 1, 0]",0,0,0,,1.0,7
99,aa78ed16-0bf9-11f0-8da2-beb3bfa57af2,14,"[0, 1, 1, 1, 1, 1, 0]",1,1,1,,1.0,7
100,aa78ed16-0bf9-11f0-8da2-beb3bfa57af2,14,"[0, 1, 1, 1, 1, 1, 0]",2,1,1,,1.0,7
101,aa78ed16-0bf9-11f0-8da2-beb3bfa57af2,14,"[0, 1, 1, 1, 1, 1, 0]",3,1,1,,1.0,7
102,aa78ed16-0bf9-11f0-8da2-beb3bfa57af2,14,"[0, 1, 1, 1, 1, 1, 0]",4,1,1,,1.0,7
103,aa78ed16-0bf9-11f0-8da2-beb3bfa57af2,14,"[0, 1, 1, 1, 1, 1, 0]",5,1,1,,1.0,7
104,aa78ed16-0bf9-11f0-8da2-beb3bfa57af2,14,"[0, 1, 1, 1, 1, 1, 0]",6,0,0,,1.0,7
105,aa78ed16-0bf9-11f0-8da2-beb3bfa57af2,15,"[1, 0, 1, 1, 1, 1, 1]",0,1,1,,1.0,7
106,aa78ed16-0bf9-11f0-8da2-beb3bfa57af2,15,"[1, 0, 1, 1, 1, 1, 1]",1,0,0,,1.0,7
107,aa78ed16-0bf9-11f0-8da2-beb3bfa57af2,15,"[1, 0, 1, 1, 1, 1, 1]",2,1,1,,1.0,7
108,aa78ed16-0bf9-11f0-8da2-beb3bfa57af2,15,"[1, 0, 1, 1, 1, 1, 1]",3,1,1,,1.0,7
109,aa78ed16-0bf9-11f0-8da2-beb3bfa57af2,15,"[1, 0, 1, 1, 1, 1, 1]",4,1,1,,1.0,7
110,aa78ed16-0bf9-11f0-8da2-beb3bfa57af2,15,"[1, 0, 1, 1, 1, 1, 1]",5,1,1,,1.0,7
111,aa78ed16-0bf9-11f0-8da2-beb3bfa57af2,15,"[1, 0, 1, 1, 1, 1, 1]",6,1,1,,1.0,7
112,aa78ed16-0bf9-11f0-8da2-beb3bfa57af2,16,"[0, 0, 1, 1, 1, 1, 1]",0,0,0,,1.0,7
113,aa78ed16-0bf9-11f0-8da2-beb3bfa57af2,16,"[0, 0, 1, 1, 1, 1, 1]",1,0,0,,1.0,7
114,aa78ed16-0bf9-11f0-8da2-beb3bfa57af2,16,"[0, 0, 1, 1, 1, 1, 1]",2,1,1,,1.0,7
115,aa78ed16-0bf9-11f0-8da2-beb3bfa57af2,16,"[0, 0, 1, 1, 1, 1, 1]",3,1,1,,1.0,7
116,aa78ed16-0bf9-11f0-8da2-beb3bfa57af2,16,"[0, 0, 1, 1, 1, 1, 1]",4,1,1,,1.0,7
117,aa78ed16-0bf9-11f0-8da2-beb3bfa57af2,16,"[0, 0, 1, 1, 1, 1, 1]",5,1,1,,1.0,7
118,aa78ed16-0bf9-11f0-8da2-beb3bfa57af2,16,"[0, 0, 1, 1, 1, 1, 1]",6,1,1,,1.0,7
119,aa78ed16-0bf9-11f0-8da2-beb3bfa57af2,17,"[1, 1, 1, 1, 1, 1, 1]",0,1,1,,1.0,7
120,aa78ed16-0bf9-11f0-8da2-beb3bfa57af2,17,"[1, 1, 1, 1, 1, 1, 1]",1,1,1,,1.0,7
121,aa78ed16-0bf9-11f0-8da2-beb3bfa57af2,17,"[1, 1, 1, 1, 1, 1, 1]",2,1,1,,1.0,7
122,aa78ed16-0bf9-11f0-8da2-beb3bfa57af2,17,"[1, 1, 1, 1, 1, 1, 1]",3,1,1,,1.0,7
123,aa78ed16-0bf9-11f0-8da2-beb3bfa57af2,17,"[1, 1, 1, 1, 1, 1, 1]",4,1,1,,1.0,7
124,aa78ed16-0bf9-11f0-8da2-beb3bfa57af2,17,"[1, 1, 1, 1, 1, 1, 1]",5,1,1,,1.0,7
125,aa78ed16-0bf9-11f0-8da2-beb3bfa57af2,17,"[1, 1, 1, 1, 1, 1, 1]",6,1,1,,1.0,7
126,aa78ed16-0bf9-11f0-8da2-beb3bfa57af2,18,"[0, 1, 1, 1, 1, 1, 0]",0,0,0,,1.0,7
127,aa78ed16-0bf9-11f0-8da2-beb3bfa57af2,18,"[0, 1, 1, 1, 1, 1, 0]",1,1,1,,1.0,7
128,aa78ed16-0bf9-11f0-8da2-beb3bfa57af2,18,"[0, 1, 1, 1, 1, 1, 0]",2,1,1,,1.0,7
129,aa78ed16-0bf9-11f0-8da2-beb3bfa57af2,18,"[0, 1, 1, 1, 1, 1, 0]",3,1,1,,1.0,7
130,aa78ed16-0bf9-11f0-8da2-beb3bfa57af2,18,"[0, 1, 1, 1, 1, 1, 0]",4,1,1,,1.0,7
131,aa78ed16-0bf9-11f0-8da2-beb3bfa57af2,18,"[0, 1, 1, 1, 1, 1, 0]",5,1,1,,1.0,7
132,aa78ed16-0bf9-11f0-8da2-beb3bfa57af2,18,"[0, 1, 1, 1, 1, 1, 0]",6,0,0,,1.0,7
133,aa78ed16-0bf9-11f0-8da2-beb3bfa57af2,19,"[1, 0, 1, 1, 1, 1, 1]",0,1,1,,1.0,7
134,aa78ed16-0bf9-11f0-8da2-beb3bfa57af2,19,"[1, 0, 1, 1, 1, 1, 1]",1,0,0,,1.0,7
135,aa78ed16-0bf9-11f0-8da2-beb3bfa57af2,19,"[1, 0, 1, 1, 1, 1, 1]",2,1,1,,1.0,7
136,aa78ed16-0bf9-11f0-8da2-beb3bfa57af2,19,"[1, 0, 1, 1, 1, 1, 1]",3,1,1,,1.0,7
137,aa78ed16-0bf9-11f0-8da2-beb3bfa57af2,19,"[1, 0, 1, 1, 1, 1, 1]",4,1,1,,1.0,7
138,aa78ed16-0bf9-11f0-8da2-beb3bfa57af2,19,"[1, 0, 1, 1, 1, 1, 1]",5,1,1,,1.0,7
139,aa78ed16-0bf9-11f0-8da2-beb3bfa57af2,19,"[1, 0, 1, 1, 1, 1, 1]",6,1,1,,1.0,7
140,aa78ed16-0bf9-11f0-8da2-beb3bfa57af2,20,"[0, 1, 1, 1, 1, 0, 1]",0,0,0,,1.0,7
141,aa78ed16-0bf9-11f0-8da2-beb3bfa57af2,20,"[0, 1, 1, 1, 1, 0, 1]",1,1,1,,1.0,7
142,aa78ed16-0bf9-11f0-8da2-beb3bfa57af2,20,"[0, 1, 1, 1, 1, 0, 1]",2,1,1,,1.0,7
143,aa78ed16-0bf9-11f0-8da2-beb3bfa57af2,20,"[0, 1, 1, 1, 1, 0, 1]",3,1,1,,1.0,7
144,aa78ed16-0bf9-11f0-8da2-beb3bfa57af2,20,"[0, 1, 1, 1, 1, 0, 1]",4,1,1,,1.0,7
145,aa78ed16-0bf9-11f0-8da2-beb3bfa57af2,20,"[0, 1, 1, 1, 1, 0, 1]",5,0,0,,1.0,7
146,aa78ed16-0bf9-11f0-8da2-beb3bfa57af2,20,"[0, 1, 1, 1, 1, 0, 1]",6,1,1,,1.0,7
147,aa78ed16-0bf9-11f0-8da2-beb3bfa57af2,21,"[1, 1, 1, 1, 1, 0, 1]",0,1,1,,1.0,7
148,aa78ed16-0bf9-11f0-8da2-beb3bfa57af2,21,"[1, 1, 1, 1, 1, 0, 1]",1,1,1,,1.0,7
149,aa78ed16-0bf9-11f0-8da2-beb3bfa57af2,21,"[1, 1, 1, 1, 1, 0, 1]",2,1,1,,1.0,7
150,aa78ed16-0bf9-11f0-8da2-beb3bfa57af2,21,"[1, 1, 1, 1, 1, 0, 1]",3,1,1,,1.0,7
151,aa78ed16-0bf9-11f0-8da2-beb3bfa57af2,21,"[1, 1, 1, 1, 1, 0, 1]",4,1,1,,1.0,7
152,aa78ed16-0bf9-11f0-8da2-beb3bfa57af2,21,"[1, 1, 1, 1, 1, 0, 1]",5,0,0,,1.0,7
153,aa78ed16-0bf9-11f0-8da2-beb3bfa57af2,21,"[1, 1, 1, 1, 1, 0, 1]",6,1,1,,1.0,7
154,aa78ed16-0bf9-11f0-8da2-beb3bfa57af2,22,"[1, 0, 1, 1, 0, 1, 0]",0,1,1,,1.0,7
155,aa78ed16-0bf9-11f0-8da2-beb3bfa57af2,22,"[1, 0, 1, 1, 0, 1, 0]",1,0,0,,1.0,7
156,aa78ed16-0bf9-11f0-8da2-beb3bfa57af2,22,"[1, 0, 1, 1, 0, 1, 0]",2,1,1,,1.0,7
157,aa78ed16-0bf9-11f0-8da2-beb3bfa57af2,22,"[1, 0, 1, 1, 0, 1, 0]",3,1,1,,1.0,7
158,aa78ed16-0bf9-11f0-8da2-beb3bfa57af2,22,"[1, 0, 1, 1, 0, 1, 0]",4,0,0,,1.0,7
159,aa78ed16-0bf9-11f0-8da2-beb3bfa57af2,22,"[1, 0, 1, 1, 0, 1, 0]",5,1,1,,1.0,7
160,aa78ed16-0bf9-11f0-8da2-beb3bfa57af2,22,"[1, 0, 1, 1, 0, 1, 0]",6,0,0,,1.0,7
161,aa78ed16-0bf9-11f0-8da2-beb3bfa57af2,23,"[0, 1, 1, 1, 1, 1, 1]",0,0,0,,1.0,7
162,aa78ed16-0bf9-11f0-8da2-beb3bfa57af2,23,"[0, 1, 1, 1, 1, 1, 1]",1,1,1,,1.0,7
163,aa78ed16-0bf9-11f0-8da2-beb3bfa57af2,23,"[0, 1, 1, 1, 1, 1, 1]",2,1,1,,1.0,7
164,aa78ed16-0bf9-11f0-8da2-beb3bfa57af2,23,"[0, 1, 1, 1, 1, 1, 1]",3,1,1,,1.0,7
165,aa78ed16-0bf9-11f0-8da2-beb3bfa57af2,23,"[0, 1, 1, 1, 1, 1, 1]",4,1,1,,1.0,7
166,aa78ed16-0bf9-11f0-8da2-beb3bfa57af2,23,"[0, 1, 1, 1, 1, 1, 1]",5,1,1,,1.0,7
167,aa78ed16-0bf9-11f0-8da2-beb3bfa57af2,23,"[0, 1, 1, 1, 1, 1, 1]",6,1,1,,1.0,7
168,aa78ed16-0bf9-11f0-8da2-beb3bfa57af2,24,"[0, 1, 1, 1, 1, 1, 1]",0,0,0,,1.0,7
169,aa78ed16-0bf9-11f0-8da2-beb3bfa57af2,24,"[0, 1, 1, 1, 1, 1, 1]",1,1,1,,1.0,7
170,aa78ed16-0bf9-11f0-8da2-beb3bfa57af2,24,"[0, 1, 1, 1, 1, 1, 1]",2,1,1,,1.0,7
171,aa78ed16-0bf9-11f0-8da2-beb3bfa57af2,24,"[0, 1, 1, 1, 1, 1, 1]",3,1,1,,1.0,7
172,aa78ed16-0bf9-11f0-8da2-beb3bfa57af2,24,"[0, 1, 1, 1, 1, 1, 1]",4,1,1,,1.0,7
173,aa78ed16-0bf9-11f0-8da2-beb3bfa57af2,24,"[0, 1, 1, 1, 1, 1, 1]",5,1,1,,1.0,7
174,aa78ed16-0bf9-11f0-8da2-beb3bfa57af2,24,"[0, 1, 1, 1, 1, 1, 1]",6,1,1,,1.0,7
175,aa78ed16-0bf9-11f0-8da2-beb3bfa57af2,25,"[0, 1, 0, 1, 0, 1, 1]",0,0,0,,1.0,7
176,aa78ed16-0bf9-11f0-8da2-beb3bfa57af2,25,"[0, 1, 0, 1, 0, 1, 1]",1,1,1,,1.0,7
177,aa78ed16-0bf9-11f0-8da2-beb3bfa57af2,25,"[0, 1, 0, 1, 0, 1, 1]",2,0,0,,1.0,7
178,aa78ed16-0bf9-11f0-8da2-beb3bfa57af2,25,"[0, 1, 0, 1, 0, 1, 1]",3,1,1,,1.0,7
179,aa78ed16-0bf9-11f0-8da2-beb3bfa57af2,25,"[0, 1, 0, 1, 0, 1, 1]",4,0,0,,1.0,7
180,aa78ed16-0bf9-11f0-8da2-beb3bfa57af2,25,"[0, 1, 0, 1, 0, 1, 1]",5,1,1,,1.0,7
181,aa78ed16-0bf9-11f0-8da2-beb3bfa57af2,25,"[0, 1, 0, 1, 0, 1, 1]",6,1,1,,1.0,7
182,aa78ed16-0bf9-11f0-8da2-beb3bfa57af2,26,"[1, 1, 1, 1, 0, 0, 0]",0,1,1,,1.0,7
183,aa78ed16-0bf9-11f0-8da2-beb3bfa57af2,26,"[1, 1, 1, 1, 0, 0, 0]",1,1,1,,1.0,7
184,aa78ed16-0bf9-11f0-8da2-beb3bfa57af2,26,"[1, 1, 1, 1, 0, 0, 0]",2,1,1,,1.0,7
185,aa78ed16-0bf9-11f0-8da2-beb3bfa57af2,26,"[1, 1, 1, 1, 0, 0, 0]",3,1,1,,1.0,7
186,aa78ed16-0bf9-11f0-8da2-beb3bfa57af2,26,"[1, 1, 1, 1, 0, 0, 0]",4,0,0,,1.0,7
187,aa78ed16-0bf9-11f0-8da2-beb3bfa57af2,26,"[1, 1, 1, 1, 0, 0, 0]",5,0,0,,1.0,7
188,aa78ed16-0bf9-11f0-8da2-beb3bfa57af2,26,"[1, 1, 1, 1, 0, 0, 0]",6,0,0,,1.0,7
189,aa78ed16-0bf9-11f0-8da2-beb3bfa57af2,27,"[0, 0, 0, 1, 1, 0, 0]",0,0,0,,1.0,7
190,aa78ed16-0bf9-11f0-8da2-beb3bfa57af2,27,"[0, 0, 0, 1, 1, 0, 0]",1,0,0,,1.0,7
191,aa78ed16-0bf9-11f0-8da2-beb3bfa57af2,27,"[0, 0, 0, 1, 1, 0, 0]",2,0,0,,1.0,7
192,aa78ed16-0bf9-11f0-8da2-beb3bfa57af2,27,"[0, 0, 0, 1, 1, 0, 0]",3,1,1,,1.0,7
193,aa78ed16-0bf9-11f0-8da2-beb3bfa57af2,27,"[0, 0, 0, 1, 1, 0, 0]",4,1,1,,1.0,7
194,aa78ed16-0bf9-11f0-8da2-beb3bfa57af2,27,"[0, 0, 0, 1, 1, 0, 0]",5,0,0,,1.0,7
195,aa78ed16-0bf9-11f0-8da2-beb3bfa57af2,27,"[0, 0, 0, 1, 1, 0, 0]",6,0,0,,1.0,7
196,aa78ed16-0bf9-11f0-8da2-beb3bfa57af2,28,"[0, 1, 0, 0, 0, 0, 0]",0,0,0,,1.0,7
197,aa78ed16-0bf9-11f0-8da2-beb3bfa57af2,28,"[0, 1, 0, 0, 0, 0, 0]",1,1,1,,1.0,7
198,aa78ed16-0bf9-11f0-8da2-beb3bfa57af2,28,"[0, 1, 0, 0, 0, 0, 0]",2,0,0,,1.0,7
199,aa78ed16-0bf9-11f0-8da2-beb3bfa57af2,28,"[0, 1, 0, 0, 0, 0, 0]",3,0,0,,1.0,7
200,aa78ed16-0bf9-11f0-8da2-beb3bfa57af2,28,"[0, 1, 0, 0, 0, 0, 0]",4,0,0,,1.0,7
201,aa78ed16-0bf9-11f0-8da2-beb3bfa57af2,28,"[0, 1, 0, 0, 0, 0, 0]",5,0,0,,1.0,7
202,aa78ed16-0bf9-11f0-8da2-beb3bfa57af2,28,"[0, 1, 0, 0, 0, 0, 0]",6,0,0,,1.0,7
203,aa78ed16-0bf9-11f0-8da2-beb3bfa57af2,29,"[0, 1, 1, 0, 0, 1, 0]",0,0,0,,1.0,7
204,aa78ed16-0bf9-11f0-8da2-beb3bfa57af2,29,"[0, 1, 1, 0, 0, 1, 0]",1,1,1,,1.0,7
205,aa78ed16-0bf9-11f0-8da2-beb3bfa57af2,29,"[0, 1, 1, 0, 0, 1, 0]",2,1,1,,1.0,7
206,aa78ed16-0bf9-11f0-8da2-beb3bfa57af2,29,"[0, 1, 1, 0, 0, 1, 0]",3,0,0,,1.0,7
207,aa78ed16-0bf9-11f0-8da2-beb3bfa57af2,29,"[0, 1, 1, 0, 0, 1, 0]",4,0,0,,1.0,7
208,aa78ed16-0bf9-11f0-8da2-beb3bfa57af2,29,"[0, 1, 1, 0, 0, 1, 0]",5,1,1,,1.0,7
209,aa78ed16-0bf9-11f0-8da2-beb3bfa57af2,29,"[0, 1, 1, 0, 0, 1, 0]",6,0,0,,1.0,7
210,aa78ed16-0bf9-11f0-8da2-beb3bfa57af2,30,"[0, 1, 0, 1, 1, 1, 0]",0,0,0,,1.0,7
211,aa78ed16-0bf9-11f0-8da2-beb3bfa57af2,30,"[0, 1, 0, 1, 1, 1, 0]",1,1,1,,1.0,7
212,aa78ed16-0bf9-11f0-8da2-beb3bfa57af2,30,"[0, 1, 0, 1, 1, 1, 0]",2,0,0,,1.0,7
213,aa78ed16-0bf9-11f0-8da2-beb3bfa57af2,30,"[0, 1, 0, 1, 1, 1, 0]",3,1,1,,1.0,7
214,aa78ed16-0bf9-11f0-8da2-beb3bfa57af2,30,"[0, 1, 0, 1, 1, 1, 0]",4,1,1,,1.0,7
215,aa78ed16-0bf9-11f0-8da2-beb3bfa57af2,30,"[0, 1, 0, 1, 1, 1, 0]",5,1,1,,1.0,7
216,aa78ed16-0bf9-11f0-8da2-beb3bfa57af2,30,"[0, 1, 0, 1, 1, 1, 0]",6,0,0,,1.0,7
217,aa78ed16-0bf9-11f0-8da2-beb3bfa57af2,31,"[1, 1, 1, 1, 0, 1, 0]",0,1,1,,1.0,7
218,aa78ed16-0bf9-11f0-8da2-beb3bfa57af2,31,"[1, 1, 1, 1, 0, 1, 0]",1,1,1,,1.0,7
219,aa78ed16-0bf9-11f0-8da2-beb3bfa57af2,31,"[1, 1, 1, 1, 0, 1, 0]",2,1,1,,1.0,7
220,aa78ed16-0bf9-11f0-8da2-beb3bfa57af2,31,"[1, 1, 1, 1, 0, 1, 0]",3,1,1,,1.0,7
221,aa78ed16-0bf9-11f0-8da2-beb3bfa57af2,31,"[1, 1, 1, 1, 0, 1, 0]",4,0,0,,1.0,7
222,aa78ed16-0bf9-11f0-8da2-beb3bfa57af2,31,"[1, 1, 1, 1, 0, 1, 0]",5,1,1,,1.0,7
223,aa78ed16-0bf9-11f0-8da2-beb3bfa57af2,31,"[1, 1, 1, 1, 0, 1, 0]",6,0,0,,1.0,7
224,aa78ed16-0bf9-11f0-8da2-beb3bfa57af2,32,"[1, 1, 1, 1, 1, 1, 1]",0,1,1,,1.0,7
225,aa78ed16-0bf9-11f0-8da2-beb3bfa57af2,32,"[1, 1, 1, 1, 1, 1, 1]",1,1,1,,1.0,7
226,aa78ed16-0bf9-11f0-8da2-beb3bfa57af2,32,"[1, 1, 1, 1, 1, 1, 1]",2,1,1,,1.0,7
227,aa78ed16-0bf9-11f0-8da2-beb3bfa57af2,32,"[1, 1, 1, 1, 1, 1, 1]",3,1,1,,1.0,7
228,aa78ed16-0bf9-11f0-8da2-beb3bfa57af2,32,"[1, 1, 1, 1, 1, 1, 1]",4,1,1,,1.0,7
229,aa78ed16-0bf9-11f0-8da2-beb3bfa57af2,32,"[1, 1, 1, 1, 1, 1, 1]",5,1,1,,1.0,7
230,aa78ed16-0bf9-11f0-8da2-beb3bfa57af2,32,"[1, 1, 1, 1, 1, 1, 1]",6,1,1,,1.0,7
231,aa78ed16-0bf9-11f0-8da2-beb3bfa57af2,33,"[1, 1, 1, 1, 1, 1, 0]",0,1,1,,1.0,7
232,aa78ed16-0bf9-11f0-8da2-beb3bfa57af2,33,"[1, 1, 1, 1, 1, 1, 0]",1,1,1,,1.0,7
233,aa78ed16-0bf9-11f0-8da2-beb3bfa57af2,33,"[1, 1, 1, 1, 1, 1, 0]",2,1,1,,1.0,7
234,aa78ed16-0bf9-11f0-8da2-beb3bfa57af2,33,"[1, 1, 1, 1, 1, 1, 0]",3,1,1,,1.0,7
235,aa78ed16-0bf9-11f0-8da2-beb3bfa57af2,33,"[1, 1, 1, 1, 1, 1, 0]",4,1,1,,1.0,7
236,aa78ed16-0bf9-11f0-8da2-beb3bfa57af2,33,"[1, 1, 1, 1, 1, 1, 0]",5,1,1,,1.0,7
237,aa78ed16-0bf9-11f0-8da2-beb3bfa57af2,33,"[1, 1, 1, 1, 1, 1, 0]",6,0,0,,1.0,7
238,aa78ed16-0bf9-11f0-8da2-beb3bfa57af2,34,"[1, 1, 0, 1, 1, 1, 0]",0,1,1,,1.0,7
239,aa78ed16-0bf9-11f0-8da2-beb3bfa57af2,34,"[1, 1, 0, 1, 1, 1, 0]",1,1,1,,1.0,7
240,aa78ed16-0bf9-11f0-8da2-beb3bfa57af2,34,"[1, 1, 0, 1, 1, 1, 0]",2,0,0,,1.0,7
241,aa78ed16-0bf9-11f0-8da2-beb3bfa57af2,34,"[1, 1, 0, 1, 1, 1, 0]",3,1,1,,1.0,7
242,aa78ed16-0bf9-11f0-8da2-beb3bfa57af2,34,"[1, 1, 0, 1, 1, 1, 0]",4,1,1,,1.0,7
243,aa78ed16-0bf9-11f0-8da2-beb3bfa57af2,34,"[1, 1, 0, 1, 1, 1, 0]",5,1,1,,1.0,7
244,aa78ed16-0bf9-11f0-8da2-beb3bfa57af2,34,"[1, 1, 0, 1, 1, 1, 0]",6,0,0,,1.0,7
245,aa78ed16-0bf9-11f0-8da2-beb3bfa57af2,35,"[0, 0, 1, 1, 1, 0, 1]",0,0,0,,1.0,7
246,aa78ed16-0bf9-11f0-8da2-beb3bfa57af2,35,"[0, 0, 1, 1, 1, 0, 1]",1,0,0,,1.0,7
247,aa78ed16-0bf9-11f0-8da2-beb3bfa57af2,35,"[0, 0, 1, 1, 1, 0, 1]",2,1,1,,1.0,7
248,aa78ed16-0bf9-11f0-8da2-beb3bfa57af2,35,"[0, 0, 1, 1, 1, 0, 1]",3,1,1,,1.0,7
249,aa78ed16-0bf9-11f0-8da2-beb3bfa57af2,35,"[0, 0, 1, 1, 1, 0, 1]",4,1,1,,1.0,7
250,aa78ed16-0bf9-11f0-8da2-beb3bfa57af2,35,"[0, 0, 1, 1, 1, 0, 1]",5,0,0,,1.0,7
251,aa78ed16-0bf9-11f0-8da2-beb3bfa57af2,35,"[0, 0, 1, 1, 1, 0, 1]",6,1,1,,1.0,7
252,aa78ed16-0bf9-11f0-8da2-beb3bfa57af2,36,"[1, 1, 0, 1, 0, 0, 1]",0,1,1,,1.0,7
253,aa78ed16-0bf9-11f0-8da2-beb3bfa57af2,36,"[1, 1, 0, 1, 0, 0, 1]",1,1,1,,1.0,7
254,aa78ed16-0bf9-11f0-8da2-beb3bfa57af2,36,"[1, 1, 0, 1, 0, 0, 1]",2,0,0,,1.0,7
255,aa78ed16-0bf9-11f0-8da2-beb3bfa57af2,36,"[1, 1, 0, 1, 0, 0, 1]",3,1,1,,1.0,7
256,aa78ed16-0bf9-11f0-8da2-beb3bfa57af2,36,"[1, 1, 0, 1, 0, 0, 1]",4,0,0,,1.0,7
257,aa78ed16-0bf9-11f0-8da2-beb3bfa57af2,36,"[1, 1, 0, 1, 0, 0, 1]",5,0,0,,1.0,7
258,aa78ed16-0bf9-11f0-8da2-beb3bfa57af2,36,"[1, 1, 0, 1, 0, 0, 1]",6,1,1,,1.0,7
259,aa78ed16-0bf9-11f0-8da2-beb3bfa57af2,37,"[0, 1, 0, 1, 1, 1, 1]",0,0,0,,1.0,7
260,aa78ed16-0bf9-11f0-8da2-beb3bfa57af2,37,"[0, 1, 0, 1, 1, 1, 1]",1,1,1,,1.0,7
261,aa78ed16-0bf9-11f0-8da2-beb3bfa57af2,37,"[0, 1, 0, 1, 1, 1, 1]",2,0,0,,1.0,7
262,aa78ed16-0bf9-11f0-8da2-beb3bfa57af2,37,"[0, 1, 0, 1, 1, 1, 1]",3,1,1,,1.0,7
263,aa78ed16-0bf9-11f0-8da2-beb3bfa57af2,37,"[0, 1, 0, 1, 1, 1, 1]",4,1,1,,1.0,7
264,aa78ed16-0bf9-11f0-8da2-beb3bfa57af2,37,"[0, 1, 0, 1, 1, 1, 1]",5,1,1,,1.0,7
265,aa78ed16-0bf9-11f0-8da2-beb3bfa57af2,37,"[0, 1, 0, 1, 1, 1, 1]",6,1,1,,1.0,7
266,aa78ed16-0bf9-11f0-8da2-beb3bfa57af2,38,"[1, 1, 1, 1, 0, 1, 1]",0,1,1,,1.0,7
267,aa78ed16-0bf9-11f0-8da2-beb3bfa57af2,38,"[1, 1, 1, 1, 0, 1, 1]",1,1,1,,1.0,7
268,aa78ed16-0bf9-11f0-8da2-beb3bfa57af2,38,"[1, 1, 1, 1, 0, 1, 1]",2,1,1,,1.0,7
269,aa78ed16-0bf9-11f0-8da2-beb3bfa57af2,38,"[1, 1, 1, 1, 0, 1, 1]",3,1,1,,1.0,7
270,aa78ed16-0bf9-11f0-8da2-beb3bfa57af2,38,"[1, 1, 1, 1, 0, 1, 1]",4,0,0,,1.0,7
271,aa78ed16-0bf9-11f0-8da2-beb3bfa57af2,38,"[1, 1, 1, 1, 0, 1, 1]",5,1,1,,1.0,7
272,aa78ed16-0bf9-11f0-8da2-beb3bfa57af2,38,"[1, 1, 1, 1, 0, 1, 1]",6,1,1,,1.0,7
273,aa78ed16-0bf9-11f0-8da2-beb3bfa57af2,39,"[1, 1, 1, 1, 1, 0, 1]",0,1,1,,1.0,7
274,aa78ed16-0bf9-11f0-8da2-beb3bfa57af2,39,"[1, 1, 1, 1, 1, 0, 1]",1,1,1,,1.0,7
275,aa78ed16-0bf9-11f0-8da2-beb3bfa57af2,39,"[1, 1, 1, 1, 1, 0, 1]",2,1,1,,1.0,7
276,aa78ed16-0bf9-11f0-8da2-beb3bfa57af2,39,"[1, 1, 1, 1, 1, 0, 1]",3,1,1,,1.0,7
277,aa78ed16-0bf9-11f0-8da2-beb3bfa57af2,39,"[1, 1, 1, 1, 1, 0, 1]",4,1,1,,1.0,7
278,aa78ed16-0bf9-11f0-8da2-beb3bfa57af2,39,"[1, 1, 1, 1, 1, 0, 1]",5,0,0,,1.0,7
279,aa78ed16-0bf9-11f0-8da2-beb3bfa57af2,39,"[1, 1, 1, 1, 1, 0, 1]",6,1,1,,1.0,7
280,aa78ed16-0bf9-11f0-8da2-beb3bfa57af2,40,"[0, 1, 1, 1, 1, 1, 1]",0,0,0,,1.0,7
281,aa78ed16-0bf9-11f0-8da2-beb3bfa57af2,40,"[0, 1, 1, 1, 1, 1, 1]",1,1,1,,1.0,7
282,aa78ed16-0bf9-11f0-8da2-beb3bfa57af2,40,"[0, 1, 1, 1, 1, 1, 1]",2,1,1,,1.0,7
283,aa78ed16-0bf9-11f0-8da2-beb3bfa57af2,40,"[0, 1, 1, 1, 1, 1, 1]",3,1,1,,1.0,7
284,aa78ed16-0bf9-11f0-8da2-beb3bfa57af2,40,"[0, 1, 1, 1, 1, 1, 1]",4,1,1,,1.0,7
285,aa78ed16-0bf9-11f0-8da2-beb3bfa57af2,40,"[0, 1, 1, 1, 1, 1, 1]",5,1,1,,1.0,7
286,aa78ed16-0bf9-11f0-8da2-beb3bfa57af2,40,"[0, 1, 1, 1, 1, 1, 1]",6,1,1,,1.0,7
287,aa78ed16-0bf9-11f0-8da2-beb3bfa57af2,41,"[0, 1, 1, 1, 1, 1, 1]",0,0,0,,1.0,7
288,aa78ed16-0bf9-11f0-8da2-beb3bfa57af2,41,"[0, 1, 1, 1, 1, 1, 1]",1,1,1,,1.0,7
289,aa78ed16-0bf9-11f0-8da2-beb3bfa57af2,41,"[0, 1, 1, 1, 1, 1, 1]",2,1,1,,1.0,7
290,aa78ed16-0bf9-11f0-8da2-beb3bfa57af2,41,"[0, 1, 1, 1, 1, 1, 1]",3,1,1,,1.0,7
291,aa78ed16-0bf9-11f0-8da2-beb3bfa57af2,41,"[0, 1, 1, 1, 1, 1, 1]",4,1,1,,1.0,7
292,aa78ed16-0bf9-11f0-8da2-beb3bfa57af2,41,"[0, 1, 1, 1, 1, 1, 1]",5,1,1,,1.0,7
293,aa78ed16-0bf9-11f0-8da2-beb3bfa57af2,41,"[0, 1, 1, 1, 1, 1, 1]",6,1,1,,1.0,7
294,aa78ed16-0bf9-11f0-8da2-beb3bfa57af2,42,"[1, 1, 1, 1, 1, 1, 1]",0,1,1,,1.0,7
295,aa78ed16-0bf9-11f0-8da2-beb3bfa57af2,42,"[1, 1, 1, 1, 1, 1, 1]",1,1,1,,1.0,7
296,aa78ed16-0bf9-11f0-8da2-beb3bfa57af2,42,"[1, 1, 1, 1, 1, 1, 1]",2,1,1,,1.0,7
297,aa78ed16-0bf9-11f0-8da2-beb3bfa57af2,42,"[1, 1, 1, 1, 1, 1, 1]",3,1,1,,1.0,7
298,aa78ed16-0bf9-11f0-8da2-beb3bfa57af2,42,"[1, 1, 1, 1, 1, 1, 1]",4,1,1,,1.0,7
299,aa78ed16-0bf9-11f0-8da2-beb3bfa57af2,42,"[1, 1, 1, 1, 1, 1, 1]",5,1,1,,1.0,7
300,aa78ed16-0bf9-11f0-8da2-beb3bfa57af2,42,"[1, 1, 1, 1, 1, 1, 1]",6,1,1,,1.0,7
301,aa78ed16-0bf9-11f0-8da2-beb3bfa57af2,43,"[0, 1, 0, 1, 1, 0, 1]",0,0,0,,1.0,7
302,aa78ed16-0bf9-11f0-8da2-beb3bfa57af2,43,"[0, 1, 0, 1, 1, 0, 1]",1,1,1,,1.0,7
303,aa78ed16-0bf9-11f0-8da2-beb3bfa57af2,43,"[0, 1, 0, 1, 1, 0, 1]",2,0,0,,1.0,7
304,aa78ed16-0bf9-11f0-8da2-beb3bfa57af2,43,"[0, 1, 0, 1, 1, 0, 1]",3,1,1,,1.0,7
305,aa78ed16-0bf9-11f0-8da2-beb3bfa57af2,43,"[0, 1, 0, 1, 1, 0, 1]",4,1,1,,1.0,7
306,aa78ed16-0bf9-11f0-8da2-beb3bfa57af2,43,"[0, 1, 0, 1, 1, 0, 1]",5,0,0,,1.0,7
307,aa78ed16-0bf9-11f0-8da2-beb3bfa57af2,43,"[0, 1, 0, 1, 1, 0, 1]",6,1,1,,1.0,7
308,aa78ed16-0bf9-11f0-8da2-beb3bfa57af2,44,"[0, 1, 0, 0, 0, 1, 0]",0,0,0,,1.0,7
309,aa78ed16-0bf9-11f0-8da2-beb3bfa57af2,44,"[0, 1, 0, 0, 0, 1, 0]",1,1,1,,1.0,7
310,aa78ed16-0bf9-11f0-8da2-beb3bfa57af2,44,"[0, 1, 0, 0, 0, 1, 0]",2,0,0,,1.0,7
311,aa78ed16-0bf9-11f0-8da2-beb3bfa57af2,44,"[0, 1, 0, 0, 0, 1, 0]",3,0,0,,1.0,7
312,aa78ed16-0bf9-11f0-8da2-beb3bfa57af2,44,"[0, 1, 0, 0, 0, 1, 0]",4,0,0,,1.0,7
313,aa78ed16-0bf9-11f0-8da2-beb3bfa57af2,44,"[0, 1, 0, 0, 0, 1, 0]",5,1,1,,1.0,7
314,aa78ed16-0bf9-11f0-8da2-beb3bfa57af2,44,"[0, 1, 0, 0, 0, 1, 0]",6,0,0,,1.0,7
315,aa78ed16-0bf9-11f0-8da2-beb3bfa57af2,45,"[0, 1, 1, 1, 1, 1, 1]",0,0,0,,1.0,7
316,aa78ed16-0bf9-11f0-8da2-beb3bfa57af2,45,"[0, 1, 1, 1, 1, 1, 1]",1,1,1,,1.0,7
317,aa78ed16-0bf9-11f0-8da2-beb3bfa57af2,45,"[0, 1, 1, 1, 1, 1, 1]",2,1,1,,1.0,7
318,aa78ed16-0bf9-11f0-8da2-beb3bfa57af2,45,"[0, 1, 1, 1, 1, 1, 1]",3,1,1,,1.0,7
319,aa78ed16-0bf9-11f0-8da2-beb3bfa57af2,45,"[0, 1, 1, 1, 1, 1, 1]",4,1,1,,1.0,7
320,aa78ed16-0bf9-11f0-8da2-beb3bfa57af2,45,"[0, 1, 1, 1, 1, 1, 1]",5,1,1,,1.0,7
321,aa78ed16-0bf9-11f0-8da2-beb3bfa57af2,45,"[0, 1, 1, 1, 1, 1, 1]",6,1,1,,1.0,7
322,aa78ed16-0bf9-11f0-8da2-beb3bfa57af2,46,"[1, 1, 1, 1, 0, 1, 0]",0,1,1,,1.0,7
323,aa78ed16-0bf9-11f0-8da2-beb3bfa57af2,46,"[1, 1, 1, 1, 0, 1, 0]",1,1,1,,1.0,7
324,aa78ed16-0bf9-11f0-8da2-beb3bfa57af2,46,"[1, 1, 1, 1, 0, 1, 0]",2,1,1,,1.0,7
325,aa78ed16-0bf9-11f0-8da2-beb3bfa57af2,46,"[1, 1, 1, 1, 0, 1, 0]",3,1,1,,1.0,7
326,aa78ed16-0bf9-11f0-8da2-beb3bfa57af2,46,"[1, 1, 1, 1, 0, 1, 0]",4,0,0,,1.0,7
327,aa78ed16-0bf9-11f0-8da2-beb3bfa57af2,46,"[1, 1, 1, 1, 0, 1, 0]",5,1,1,,1.0,7
328,aa78ed16-0bf9-11f0-8da2-beb3bfa57af2,46,"[1, 1, 1, 1, 0, 1, 0]",6,0,0,,1.0,7
329,aa78ed16-0bf9-11f0-8da2-beb3bfa57af2,47,"[1, 1, 1, 1, 0, 0, 0]",0,1,1,,1.0,7
330,aa78ed16-0bf9-11f0-8da2-beb3bfa57af2,47,"[1, 1, 1, 1, 0, 0, 0]",1,1,1,,1.0,7
331,aa78ed16-0bf9-11f0-8da2-beb3bfa57af2,47,"[1, 1, 1, 1, 0, 0, 0]",2,1,1,,1.0,7
332,aa78ed16-0bf9-11f0-8da2-beb3bfa57af2,47,"[1, 1, 1, 1, 0, 0, 0]",3,1,1,,1.0,7
333,aa78ed16-0bf9-11f0-8da2-beb3bfa57af2,47,"[1, 1, 1, 1, 0, 0, 0]",4,0,0,,1.0,7
334,aa78ed16-0bf9-11f0-8da2-beb3bfa57af2,47,"[1, 1, 1, 1, 0, 0, 0]",5,0,0,,1.0,7
335,aa78ed16-0bf9-11f0-8da2-beb3bfa57af2,47,"[1, 1, 1, 1, 0, 0, 0]",6,0,0,,1.0,7
336,aa78ed16-0bf9-11f0-8da2-beb3bfa57af2,48,"[1, 1, 0, 1, 1, 1, 1]",0,1,1,,1.0,7
337,aa78ed16-0bf9-11f0-8da2-beb3bfa57af2,48,"[1, 1, 0, 1, 1, 1, 1]",1,1,1,,1.0,7
338,aa78ed16-0bf9-11f0-8da2-beb3bfa57af2,48,"[1, 1, 0, 1, 1, 1, 1]",2,0,0,,1.0,7
339,aa78ed16-0bf9-11f0-8da2-beb3bfa57af2,48,"[1, 1, 0, 1, 1, 1, 1]",3,1,1,,1.0,7
340,aa78ed16-0bf9-11f0-8da2-beb3bfa57af2,48,"[1, 1, 0, 1, 1, 1, 1]",4,1,1,,1.0,7
341,aa78ed16-0bf9-11f0-8da2-beb3bfa57af2,48,"[1, 1, 0, 1, 1, 1, 1]",5,1,1,,1.0,7
342,aa78ed16-0bf9-11f0-8da2-beb3bfa57af2,48,"[1, 1, 0, 1, 1, 1, 1]",6,1,1,,1.0,7
343,aa78ed16-0bf9-11f0-8da2-beb3bfa57af2,49,"[1, 1, 0, 1, 1, 1, 1]",0,1,1,,1.0,7
344,aa78ed16-0bf9-11f0-8da2-beb3bfa57af2,49,"[1, 1, 0, 1, 1, 1, 1]",1,1,1,,1.0,7
345,aa78ed16-0bf9-11f0-8da2-beb3bfa57af2,49,"[1, 1, 0, 1, 1, 1, 1]",2,0,0,,1.0,7
346,aa78ed16-0bf9-11f0-8da2-beb3bfa57af2,49,"[1, 1, 0, 1, 1, 1, 1]",3,1,1,,1.0,7
347,aa78ed16-0bf9-11f0-8da2-beb3bfa57af2,49,"[1, 1, 0, 1, 1, 1, 1]",4,1,1,,1.0,7
348,aa78ed16-0bf9-11f0-8da2-beb3bfa57af2,49,"[1, 1, 0, 1, 1, 1, 1]",5,1,1,,1.0,7
349,aa78ed16-0bf9-11f0-8da2-beb3bfa57af2,49,"[1, 1, 0, 1, 1, 1, 1]",6,1,1,,1.0,7
350,aa804778-0bf9-11f0-8da2-beb3bfa57af2,0,"[0, 0, 0, 1, 0, 1, 0]",0,0,0,,1.0,7
351,aa804778-0bf9-11f0-8da2-beb3bfa57af2,0,"[0, 0, 0, 1, 0, 1, 0]",1,0,0,,1.0,7
352,aa804778-0bf9-11f0-8da2-beb3bfa57af2,0,"[0, 0, 0, 1, 0, 1, 0]",2,0,0,,1.0,7
353,aa804778-0bf9-11f0-8da2-beb3bfa57af2,0,"[0, 0, 0, 1, 0, 1, 0]",3,1,1,,1.0,7
354,aa804778-0bf9-11f0-8da2-beb3bfa57af2,0,"[0, 0, 0, 1, 0, 1, 0]",4,0,0,,1.0,7
355,aa804778-0bf9-11f0-8da2-beb3bfa57af2,0,"[0, 0, 0, 1, 0, 1, 0]",5,1,1,,1.0,7
356,aa804778-0bf9-11f0-8da2-beb3bfa57af2,0,"[0, 0, 0, 1, 0, 1, 0]",6,0,0,,1.0,7
357,aa804778-0bf9-11f0-8da2-beb3bfa57af2,1,"[0, 1, 1, 1, 1, 0, 1]",0,0,0,,1.0,7
358,aa804778-0bf9-11f0-8da2-beb3bfa57af2,1,"[0, 1, 1, 1, 1, 0, 1]",1,1,1,,1.0,7
359,aa804778-0bf9-11f0-8da2-beb3bfa57af2,1,"[0, 1, 1, 1, 1, 0, 1]",2,1,1,,1.0,7
360,aa804778-0bf9-11f0-8da2-beb3bfa57af2,1,"[0, 1, 1, 1, 1, 0, 1]",3,1,1,,1.0,7
361,aa804778-0bf9-11f0-8da2-beb3bfa57af2,1,"[0, 1, 1, 1, 1, 0, 1]",4,1,1,,1.0,7
362,aa804778-0bf9-11f0-8da2-beb3bfa57af2,1,"[0, 1, 1, 1, 1, 0, 1]",5,0,0,,1.0,7
363,aa804778-0bf9-11f0-8da2-beb3bfa57af2,1,"[0, 1, 1, 1, 1, 0, 1]",6,1,1,,1.0,7
364,aa804778-0bf9-11f0-8da2-beb3bfa57af2,2,"[1, 1, 0, 1, 1, 0, 0]",0,1,1,,1.0,7
365,aa804778-0bf9-11f0-8da2-beb3bfa57af2,2,"[1, 1, 0, 1, 1, 0, 0]",1,1,1,,1.0,7
366,aa804778-0bf9-11f0-8da2-beb3bfa57af2,2,"[1, 1, 0, 1, 1, 0, 0]",2,0,0,,1.0,7
367,aa804778-0bf9-11f0-8da2-beb3bfa57af2,2,"[1, 1, 0, 1, 1, 0, 0]",3,1,1,,1.0,7
368,aa804778-0bf9-11f0-8da2-beb3bfa57af2,2,"[1, 1, 0, 1, 1, 0, 0]",4,1,1,,1.0,7
369,aa804778-0bf9-11f0-8da2-beb3bfa57af2,2,"[1, 1, 0, 1, 1, 0, 0]",5,0,0,,1.0,7
370,aa804778-0bf9-11f0-8da2-beb3bfa57af2,2,"[1, 1, 0, 1, 1, 0, 0]",6,0,0,,1.0,7
371,aa804778-0bf9-11f0-8da2-beb3bfa57af2,3,"[1, 0, 0, 0, 0, 1, 0]",0,1,1,,1.0,7
372,aa804778-0bf9-11f0-8da2-beb3bfa57af2,3,"[1, 0, 0, 0, 0, 1, 0]",1,0,0,,1.0,7
373,aa804778-0bf9-11f0-8da2-beb3bfa57af2,3,"[1, 0, 0, 0, 0, 1, 0]",2,0,0,,1.0,7
374,aa804778-0bf9-11f0-8da2-beb3bfa57af2,3,"[1, 0, 0, 0, 0, 1, 0]",3,0,0,,1.0,7
375,aa804778-0bf9-11f0-8da2-beb3bfa57af2,3,"[1, 0, 0, 0, 0, 1, 0]",4,0,0,,1.0,7
376,aa804778-0bf9-11f0-8da2-beb3bfa57af2,3,"[1, 0, 0, 0, 0, 1, 0]",5,1,1,,1.0,7
377,aa804778-0bf9-11f0-8da2-beb3bfa57af2,3,"[1, 0, 0, 0, 0, 1, 0]",6,0,0,,1.0,7
378,aa804778-0bf9-11f0-8da2-beb3bfa57af2,4,"[0, 1, 1, 1, 0, 1, 0]",0,0,0,,1.0,7
379,aa804778-0bf9-11f0-8da2-beb3bfa57af2,4,"[0, 1, 1, 1, 0, 1, 0]",1,1,1,,1.0,7
380,aa804778-0bf9-11f0-8da2-beb3bfa57af2,4,"[0, 1, 1, 1, 0, 1, 0]",2,1,1,,1.0,7
381,aa804778-0bf9-11f0-8da2-beb3bfa57af2,4,"[0, 1, 1, 1, 0, 1, 0]",3,1,1,,1.0,7
382,aa804778-0bf9-11f0-8da2-beb3bfa57af2,4,"[0, 1, 1, 1, 0, 1, 0]",4,0,0,,1.0,7
383,aa804778-0bf9-11f0-8da2-beb3bfa57af2,4,"[0, 1, 1, 1, 0, 1, 0]",5,1,1,,1.0,7
384,aa804778-0bf9-11f0-8da2-beb3bfa57af2,4,"[0, 1, 1, 1, 0, 1, 0]",6,0,0,,1.0,7
385,aa804778-0bf9-11f0-8da2-beb3bfa57af2,5,"[0, 0, 0, 0, 0, 0, 0]",0,0,0,,1.0,7
386,aa804778-0bf9-11f0-8da2-beb3bfa57af2,5,"[0, 0, 0, 0, 0, 0, 0]",1,0,0,,1.0,7
387,aa804778-0bf9-11f0-8da2-beb3bfa57af2,5,"[0, 0, 0, 0, 0, 0, 0]",2,0,0,,1.0,7
388,aa804778-0bf9-11f0-8da2-beb3bfa57af2,5,"[0, 0, 0, 0, 0, 0, 0]",3,0,0,,1.0,7
389,aa804778-0bf9-11f0-8da2-beb3bfa57af2,5,"[0, 0, 0, 0, 0, 0, 0]",4,0,0,,1.0,7
390,aa804778-0bf9-11f0-8da2-beb3bfa57af2,5,"[0, 0, 0, 0, 0, 0, 0]",5,0,0,,1.0,7
391,aa804778-0bf9-11f0-8da2-beb3bfa57af2,5,"[0, 0, 0, 0, 0, 0, 0]",6,0,0,,1.0,7
392,aa804778-0bf9-11f0-8da2-beb3bfa57af2,6,"[0, 1, 1, 1, 0, 1, 1]",0,0,0,,1.0,7
393,aa804778-0bf9-11f0-8da2-beb3bfa57af2,6,"[0, 1, 1, 1, 0, 1, 1]",1,1,1,,1.0,7
394,aa804778-0bf9-11f0-8da2-beb3bfa57af2,6,"[0, 1, 1, 1, 0, 1, 1]",2,1,1,,1.0,7
395,aa804778-0bf9-11f0-8da2-beb3bfa57af2,6,"[0, 1, 1, 1, 0, 1, 1]",3,1,1,,1.0,7
396,aa804778-0bf9-11f0-8da2-beb3bfa57af2,6,"[0, 1, 1, 1, 0, 1, 1]",4,0,0,,1.0,7
397,aa804778-0bf9-11f0-8da2-beb3bfa57af2,6,"[0, 1, 1, 1, 0, 1, 1]",5,1,1,,1.0,7
398,aa804778-0bf9-11f0-8da2-beb3bfa57af2,6,"[0, 1, 1, 1, 0, 1, 1]",6,1,1,,1.0,7
399,aa804778-0bf9-11f0-8da2-beb3bfa57af2,7,"[0, 0, 0, 1, 1, 0, 0]",0,0,0,,1.0,7
400,aa804778-0bf9-11f0-8da2-beb3bfa57af2,7,"[0, 0, 0, 1, 1, 0, 0]",1,0,0,,1.0,7
401,aa804778-0bf9-11f0-8da2-beb3bfa57af2,7,"[0, 0, 0, 1, 1, 0, 0]",2,0,0,,1.0,7
402,aa804778-0bf9-11f0-8da2-beb3bfa57af2,7,"[0, 0, 0, 1, 1, 0, 0]",3,1,1,,1.0,7
403,aa804778-0bf9-11f0-8da2-beb3bfa57af2,7,"[0, 0, 0, 1, 1, 0, 0]",4,1,1,,1.0,7
404,aa804778-0bf9-11f0-8da2-beb3bfa57af2,7,"[0, 0, 0, 1, 1, 0, 0]",5,0,0,,1.0,7
405,aa804778-0bf9-11f0-8da2-beb3bfa57af2,7,"[0, 0, 0, 1, 1, 0, 0]",6,0,0,,1.0,7
406,aa804778-0bf9-11f0-8da2-beb3bfa57af2,8,"[1, 1, 1, 0, 1, 1, 1]",0,1,1,,1.0,7
407,aa804778-0bf9-11f0-8da2-beb3bfa57af2,8,"[1, 1, 1, 0, 1, 1, 1]",1,1,1,,1.0,7
408,aa804778-0bf9-11f0-8da2-beb3bfa57af2,8,"[1, 1, 1, 0, 1, 1, 1]",2,1,1,,1.0,7
409,aa804778-0bf9-11f0-8da2-beb3bfa57af2,8,"[1, 1, 1, 0, 1, 1, 1]",3,0,0,,1.0,7
410,aa804778-0bf9-11f0-8da2-beb3bfa57af2,8,"[1, 1, 1, 0, 1, 1, 1]",4,1,1,,1.0,7
411,aa804778-0bf9-11f0-8da2-beb3bfa57af2,8,"[1, 1, 1, 0, 1, 1, 1]",5,1,1,,1.0,7
412,aa804778-0bf9-11f0-8da2-beb3bfa57af2,8,"[1, 1, 1, 0, 1, 1, 1]",6,1,1,,1.0,7
413,aa804778-0bf9-11f0-8da2-beb3bfa57af2,9,"[0, 1, 0, 1, 1, 0, 1]",0,0,0,,1.0,7
414,aa804778-0bf9-11f0-8da2-beb3bfa57af2,9,"[0, 1, 0, 1, 1, 0, 1]",1,1,1,,1.0,7
415,aa804778-0bf9-11f0-8da2-beb3bfa57af2,9,"[0, 1, 0, 1, 1, 0, 1]",2,0,0,,1.0,7
416,aa804778-0bf9-11f0-8da2-beb3bfa57af2,9,"[0, 1, 0, 1, 1, 0, 1]",3,1,1,,1.0,7
417,aa804778-0bf9-11f0-8da2-beb3bfa57af2,9,"[0, 1, 0, 1, 1, 0, 1]",4,1,1,,1.0,7
418,aa804778-0bf9-11f0-8da2-beb3bfa57af2,9,"[0, 1, 0, 1, 1, 0, 1]",5,0,0,,1.0,7
419,aa804778-0bf9-11f0-8da2-beb3bfa57af2,9,"[0, 1, 0, 1, 1, 0, 1]",6,1,1,,1.0,7
420,aa804778-0bf9-11f0-8da2-beb3bfa57af2,10,"[0, 0, 0, 1, 1, 1, 1]",0,0,0,,1.0,7
421,aa804778-0bf9-11f0-8da2-beb3bfa57af2,10,"[0, 0, 0, 1, 1, 1, 1]",1,0,0,,1.0,7
422,aa804778-0bf9-11f0-8da2-beb3bfa57af2,10,"[0, 0, 0, 1, 1, 1, 1]",2,0,0,,1.0,7
423,aa804778-0bf9-11f0-8da2-beb3bfa57af2,10,"[0, 0, 0, 1, 1, 1, 1]",3,1,1,,1.0,7
424,aa804778-0bf9-11f0-8da2-beb3bfa57af2,10,"[0, 0, 0, 1, 1, 1, 1]",4,1,1,,1.0,7
425,aa804778-0bf9-11f0-8da2-beb3bfa57af2,10,"[0, 0, 0, 1, 1, 1, 1]",5,1,1,,1.0,7
426,aa804778-0bf9-11f0-8da2-beb3bfa57af2,10,"[0, 0, 0, 1, 1, 1, 1]",6,1,1,,1.0,7
427,aa804778-0bf9-11f0-8da2-beb3bfa57af2,11,"[1, 0, 1, 1, 0, 1, 0]",0,1,1,,1.0,7
428,aa804778-0bf9-11f0-8da2-beb3bfa57af2,11,"[1, 0, 1, 1, 0, 1, 0]",1,0,0,,1.0,7
429,aa804778-0bf9-11f0-8da2-beb3bfa57af2,11,"[1, 0, 1, 1, 0, 1, 0]",2,1,1,,1.0,7
430,aa804778-0bf9-11f0-8da2-beb3bfa57af2,11,"[1, 0, 1, 1, 0, 1, 0]",3,1,1,,1.0,7
431,aa804778-0bf9-11f0-8da2-beb3bfa57af2,11,"[1, 0, 1, 1, 0, 1, 0]",4,0,0,,1.0,7
432,aa804778-0bf9-11f0-8da2-beb3bfa57af2,11,"[1, 0, 1, 1, 0, 1, 0]",5,1,1,,1.0,7
433,aa804778-0bf9-11f0-8da2-beb3bfa57af2,11,"[1, 0, 1, 1, 0, 1, 0]",6,0,0,,1.0,7
434,aa804778-0bf9-11f0-8da2-beb3bfa57af2,12,"[0, 1, 1, 0, 0, 0, 1]",0,0,0,,1.0,7
435,aa804778-0bf9-11f0-8da2-beb3bfa57af2,12,"[0, 1, 1, 0, 0, 0, 1]",1,1,1,,1.0,7
436,aa804778-0bf9-11f0-8da2-beb3bfa57af2,12,"[0, 1, 1, 0, 0, 0, 1]",2,1,1,,1.0,7
437,aa804778-0bf9-11f0-8da2-beb3bfa57af2,12,"[0, 1, 1, 0, 0, 0, 1]",3,0,0,,1.0,7
438,aa804778-0bf9-11f0-8da2-beb3bfa57af2,12,"[0, 1, 1, 0, 0, 0, 1]",4,0,0,,1.0,7
439,aa804778-0bf9-11f0-8da2-beb3bfa57af2,12,"[0, 1, 1, 0, 0, 0, 1]",5,0,0,,1.0,7
440,aa804778-0bf9-11f0-8da2-beb3bfa57af2,12,"[0, 1, 1, 0, 0, 0, 1]",6,1,1,,1.0,7
441,aa804778-0bf9-11f0-8da2-beb3bfa57af2,13,"[1, 1, 0, 1, 1, 0, 0]",0,1,1,,1.0,7
442,aa804778-0bf9-11f0-8da2-beb3bfa57af2,13,"[1, 1, 0, 1, 1, 0, 0]",1,1,1,,1.0,7
443,aa804778-0bf9-11f0-8da2-beb3bfa57af2,13,"[1, 1, 0, 1, 1, 0, 0]",2,0,0,,1.0,7
444,aa804778-0bf9-11f0-8da2-beb3bfa57af2,13,"[1, 1, 0, 1, 1, 0, 0]",3,1,1,,1.0,7
445,aa804778-0bf9-11f0-8da2-beb3bfa57af2,13,"[1, 1, 0, 1, 1, 0, 0]",4,1,1,,1.0,7
446,aa804778-0bf9-11f0-8da2-beb3bfa57af2,13,"[1, 1, 0, 1, 1, 0, 0]",5,0,0,,1.0,7
447,aa804778-0bf9-11f0-8da2-beb3bfa57af2,13,"[1, 1, 0, 1, 1, 0, 0]",6,0,0,,1.0,7
448,aa804778-0bf9-11f0-8da2-beb3bfa57af2,14,"[1, 0, 1, 1, 0, 0, 0]",0,1,1,,1.0,7
449,aa804778-0bf9-11f0-8da2-beb3bfa57af2,14,"[1, 0, 1, 1, 0, 0, 0]",1,0,0,,1.0,7
450,aa804778-0bf9-11f0-8da2-beb3bfa57af2,14,"[1, 0, 1, 1, 0, 0, 0]",2,1,1,,1.0,7
451,aa804778-0bf9-11f0-8da2-beb3bfa57af2,14,"[1, 0, 1, 1, 0, 0, 0]",3,1,1,,1.0,7
452,aa804778-0bf9-11f0-8da2-beb3bfa57af2,14,"[1, 0, 1, 1, 0, 0, 0]",4,0,0,,1.0,7
453,aa804778-0bf9-11f0-8da2-beb3bfa57af2,14,"[1, 0, 1, 1, 0, 0, 0]",5,0,0,,1.0,7
454,aa804778-0bf9-11f0-8da2-beb3bfa57af2,14,"[1, 0, 1, 1, 0, 0, 0]",6,0,0,,1.0,7
455,aa804778-0bf9-11f0-8da2-beb3bfa57af2,15,"[1, 1, 1, 1, 0, 0, 1]",0,1,1,,1.0,7
456,aa804778-0bf9-11f0-8da2-beb3bfa57af2,15,"[1, 1, 1, 1, 0, 0, 1]",1,1,1,,1.0,7
457,aa804778-0bf9-11f0-8da2-beb3bfa57af2,15,"[1, 1, 1, 1, 0, 0, 1]",2,1,1,,1.0,7
458,aa804778-0bf9-11f0-8da2-beb3bfa57af2,15,"[1, 1, 1, 1, 0, 0, 1]",3,1,1,,1.0,7
459,aa804778-0bf9-11f0-8da2-beb3bfa57af2,15,"[1, 1, 1, 1, 0, 0, 1]",4,0,0,,1.0,7
460,aa804778-0bf9-11f0-8da2-beb3bfa57af2,15,"[1, 1, 1, 1, 0, 0, 1]",5,0,0,,1.0,7
461,aa804778-0bf9-11f0-8da2-beb3bfa57af2,15,"[1, 1, 1, 1, 0, 0, 1]",6,1,1,,1.0,7
462,aa804778-0bf9-11f0-8da2-beb3bfa57af2,16,"[0, 1, 1, 0, 1, 0, 1]",0,0,0,,1.0,7
463,aa804778-0bf9-11f0-8da2-beb3bfa57af2,16,"[0, 1, 1, 0, 1, 0, 1]",1,1,1,,1.0,7
464,aa804778-0bf9-11f0-8da2-beb3bfa57af2,16,"[0, 1, 1, 0, 1, 0, 1]",2,1,1,,1.0,7
465,aa804778-0bf9-11f0-8da2-beb3bfa57af2,16,"[0, 1, 1, 0, 1, 0, 1]",3,0,0,,1.0,7
466,aa804778-0bf9-11f0-8da2-beb3bfa57af2,16,"[0, 1, 1, 0, 1, 0, 1]",4,1,1,,1.0,7
467,aa804778-0bf9-11f0-8da2-beb3bfa57af2,16,"[0, 1, 1, 0, 1, 0, 1]",5,0,0,,1.0,7
468,aa804778-0bf9-11f0-8da2-beb3bfa57af2,16,"[0, 1, 1, 0, 1, 0, 1]",6,1,1,,1.0,7
469,aa804778-0bf9-11f0-8da2-beb3bfa57af2,17,"[1, 1, 1, 0, 1, 0, 1]",0,1,1,,1.0,7
470,aa804778-0bf9-11f0-8da2-beb3bfa57af2,17,"[1, 1, 1, 0, 1, 0, 1]",1,1,1,,1.0,7
471,aa804778-0bf9-11f0-8da2-beb3bfa57af2,17,"[1, 1, 1, 0, 1, 0, 1]",2,1,1,,1.0,7
472,aa804778-0bf9-11f0-8da2-beb3bfa57af2,17,"[1, 1, 1, 0, 1, 0, 1]",3,0,0,,1.0,7
473,aa804778-0bf9-11f0-8da2-beb3bfa57af2,17,"[1, 1, 1, 0, 1, 0, 1]",4,1,1,,1.0,7
474,aa804778-0bf9-11f0-8da2-beb3bfa57af2,17,"[1, 1, 1, 0, 1, 0, 1]",5,0,0,,1.0,7
475,aa804778-0bf9-11f0-8da2-beb3bfa57af2,17,"[1, 1, 1, 0, 1, 0, 1]",6,1,1,,1.0,7
476,aa804778-0bf9-11f0-8da2-beb3bfa57af2,18,"[0, 1, 1, 0, 1, 1, 1]",0,0,0,,1.0,7
477,aa804778-0bf9-11f0-8da2-beb3bfa57af2,18,"[0, 1, 1, 0, 1, 1, 1]",1,1,1,,1.0,7
478,aa804778-0bf9-11f0-8da2-beb3bfa57af2,18,"[0, 1, 1, 0, 1, 1, 1]",2,1,1,,1.0,7
479,aa804778-0bf9-11f0-8da2-beb3bfa57af2,18,"[0, 1, 1, 0, 1, 1, 1]",3,0,0,,1.0,7
480,aa804778-0bf9-11f0-8da2-beb3bfa57af2,18,"[0, 1, 1, 0, 1, 1, 1]",4,1,1,,1.0,7
481,aa804778-0bf9-11f0-8da2-beb3bfa57af2,18,"[0, 1, 1, 0, 1, 1, 1]",5,1,1,,1.0,7
482,aa804778-0bf9-11f0-8da2-beb3bfa57af2,18,"[0, 1, 1, 0, 1, 1, 1]",6,1,1,,1.0,7
483,aa804778-0bf9-11f0-8da2-beb3bfa57af2,19,"[1, 0, 1, 0, 0, 0, 1]",0,1,1,,1.0,7
484,aa804778-0bf9-11f0-8da2-beb3bfa57af2,19,"[1, 0, 1, 0, 0, 0, 1]",1,0,0,,1.0,7
485,aa804778-0bf9-11f0-8da2-beb3bfa57af2,19,"[1, 0, 1, 0, 0, 0, 1]",2,1,1,,1.0,7
486,aa804778-0bf9-11f0-8da2-beb3bfa57af2,19,"[1, 0, 1, 0, 0, 0, 1]",3,0,0,,1.0,7
487,aa804778-0bf9-11f0-8da2-beb3bfa57af2,19,"[1, 0, 1, 0, 0, 0, 1]",4,0,0,,1.0,7
488,aa804778-0bf9-11f0-8da2-beb3bfa57af2,19,"[1, 0, 1, 0, 0, 0, 1]",5,0,0,,1.0,7
489,aa804778-0bf9-11f0-8da2-beb3bfa57af2,19,"[1, 0, 1, 0, 0, 0, 1]",6,1,1,,1.0,7
490,aa804778-0bf9-11f0-8da2-beb3bfa57af2,20,"[1, 0, 1, 1, 1, 1, 0]",0,1,1,,1.0,7
491,aa804778-0bf9-11f0-8da2-beb3bfa57af2,20,"[1, 0, 1, 1, 1, 1, 0]",1,0,0,,1.0,7
492,aa804778-0bf9-11f0-8da2-beb3bfa57af2,20,"[1, 0, 1, 1, 1, 1, 0]",2,1,1,,1.0,7
493,aa804778-0bf9-11f0-8da2-beb3bfa57af2,20,"[1, 0, 1, 1, 1, 1, 0]",3,1,1,,1.0,7
494,aa804778-0bf9-11f0-8da2-beb3bfa57af2,20,"[1, 0, 1, 1, 1, 1, 0]",4,1,1,,1.0,7
495,aa804778-0bf9-11f0-8da2-beb3bfa57af2,20,"[1, 0, 1, 1, 1, 1, 0]",5,1,1,,1.0,7
496,aa804778-0bf9-11f0-8da2-beb3bfa57af2,20,"[1, 0, 1, 1, 1, 1, 0]",6,0,0,,1.0,7
497,aa804778-0bf9-11f0-8da2-beb3bfa57af2,21,"[0, 0, 1, 1, 0, 0, 1]",0,0,0,,1.0,7
498,aa804778-0bf9-11f0-8da2-beb3bfa57af2,21,"[0, 0, 1, 1, 0, 0, 1]",1,0,0,,1.0,7
499,aa804778-0bf9-11f0-8da2-beb3bfa57af2,21,"[0, 0, 1, 1, 0, 0, 1]",2,1,1,,1.0,7
500,aa804778-0bf9-11f0-8da2-beb3bfa57af2,21,"[0, 0, 1, 1, 0, 0, 1]",3,1,1,,1.0,7
501,aa804778-0bf9-11f0-8da2-beb3bfa57af2,21,"[0, 0, 1, 1, 0, 0, 1]",4,0,0,,1.0,7
502,aa804778-0bf9-11f0-8da2-beb3bfa57af2,21,"[0, 0, 1, 1, 0, 0, 1]",5,0,0,,1.0,7
503,aa804778-0bf9-11f0-8da2-beb3bfa57af2,21,"[0, 0, 1, 1, 0, 0, 1]",6,1,1,,1.0,7
504,aa804778-0bf9-11f0-8da2-beb3bfa57af2,22,"[1, 0, 1, 0, 1, 1, 0]",0,1,1,,1.0,7
505,aa804778-0bf9-11f0-8da2-beb3bfa57af2,22,"[1, 0, 1, 0, 1, 1, 0]",1,0,0,,1.0,7
506,aa804778-0bf9-11f0-8da2-beb3bfa57af2,22,"[1, 0, 1, 0, 1, 1, 0]",2,1,1,,1.0,7
507,aa804778-0bf9-11f0-8da2-beb3bfa57af2,22,"[1, 0, 1, 0, 1, 1, 0]",3,0,0,,1.0,7
508,aa804778-0bf9-11f0-8da2-beb3bfa57af2,22,"[1, 0, 1, 0, 1, 1, 0]",4,1,1,,1.0,7
509,aa804778-0bf9-11f0-8da2-beb3bfa57af2,22,"[1, 0, 1, 0, 1, 1, 0]",5,1,1,,1.0,7
510,aa804778-0bf9-11f0-8da2-beb3bfa57af2,22,"[1, 0, 1, 0, 1, 1, 0]",6,0,0,,1.0,7
511,aa804778-0bf9-11f0-8da2-beb3bfa57af2,23,"[1, 1, 1, 1, 0, 1, 1]",0,1,1,,1.0,7
512,aa804778-0bf9-11f0-8da2-beb3bfa57af2,23,"[1, 1, 1, 1, 0, 1, 1]",1,1,1,,1.0,7
513,aa804778-0bf9-11f0-8da2-beb3bfa57af2,23,"[1, 1, 1, 1, 0, 1, 1]",2,1,1,,1.0,7
514,aa804778-0bf9-11f0-8da2-beb3bfa57af2,23,"[1, 1, 1, 1, 0, 1, 1]",3,1,1,,1.0,7
515,aa804778-0bf9-11f0-8da2-beb3bfa57af2,23,"[1, 1, 1, 1, 0, 1, 1]",4,0,0,,1.0,7
516,aa804778-0bf9-11f0-8da2-beb3bfa57af2,23,"[1, 1, 1, 1, 0, 1, 1]",5,1,1,,1.0,7
517,aa804778-0bf9-11f0-8da2-beb3bfa57af2,23,"[1, 1, 1, 1, 0, 1, 1]",6,1,1,,1.0,7
518,aa804778-0bf9-11f0-8da2-beb3bfa57af2,24,"[1, 1, 1, 1, 1, 1, 0]",0,1,1,,1.0,7
519,aa804778-0bf9-11f0-8da2-beb3bfa57af2,24,"[1, 1, 1, 1, 1, 1, 0]",1,1,1,,1.0,7
520,aa804778-0bf9-11f0-8da2-beb3bfa57af2,24,"[1, 1, 1, 1, 1, 1, 0]",2,1,1,,1.0,7
521,aa804778-0bf9-11f0-8da2-beb3bfa57af2,24,"[1, 1, 1, 1, 1, 1, 0]",3,1,1,,1.0,7
522,aa804778-0bf9-11f0-8da2-beb3bfa57af2,24,"[1, 1, 1, 1, 1, 1, 0]",4,1,1,,1.0,7
523,aa804778-0bf9-11f0-8da2-beb3bfa57af2,24,"[1, 1, 1, 1, 1, 1, 0]",5,1,1,,1.0,7
524,aa804778-0bf9-11f0-8da2-beb3bfa57af2,24,"[1, 1, 1, 1, 1, 1, 0]",6,0,0,,1.0,7
525,aa804778-0bf9-11f0-8da2-beb3bfa57af2,25,"[0, 1, 0, 0, 0, 0, 1]",0,0,0,,1.0,7
526,aa804778-0bf9-11f0-8da2-beb3bfa57af2,25,"[0, 1, 0, 0, 0, 0, 1]",1,1,1,,1.0,7
527,aa804778-0bf9-11f0-8da2-beb3bfa57af2,25,"[0, 1, 0, 0, 0, 0, 1]",2,0,0,,1.0,7
528,aa804778-0bf9-11f0-8da2-beb3bfa57af2,25,"[0, 1, 0, 0, 0, 0, 1]",3,0,0,,1.0,7
529,aa804778-0bf9-11f0-8da2-beb3bfa57af2,25,"[0, 1, 0, 0, 0, 0, 1]",4,0,0,,1.0,7
530,aa804778-0bf9-11f0-8da2-beb3bfa57af2,25,"[0, 1, 0, 0, 0, 0, 1]",5,0,0,,1.0,7
531,aa804778-0bf9-11f0-8da2-beb3bfa57af2,25,"[0, 1, 0, 0, 0, 0, 1]",6,1,1,,1.0,7
532,aa804778-0bf9-11f0-8da2-beb3bfa57af2,26,"[1, 0, 0, 0, 0, 0, 1]",0,1,1,,1.0,7
533,aa804778-0bf9-11f0-8da2-beb3bfa57af2,26,"[1, 0, 0, 0, 0, 0, 1]",1,0,0,,1.0,7
534,aa804778-0bf9-11f0-8da2-beb3bfa57af2,26,"[1, 0, 0, 0, 0, 0, 1]",2,0,0,,1.0,7
535,aa804778-0bf9-11f0-8da2-beb3bfa57af2,26,"[1, 0, 0, 0, 0, 0, 1]",3,0,0,,1.0,7
536,aa804778-0bf9-11f0-8da2-beb3bfa57af2,26,"[1, 0, 0, 0, 0, 0, 1]",4,0,0,,1.0,7
537,aa804778-0bf9-11f0-8da2-beb3bfa57af2,26,"[1, 0, 0, 0, 0, 0, 1]",5,0,0,,1.0,7
538,aa804778-0bf9-11f0-8da2-beb3bfa57af2,26,"[1, 0, 0, 0, 0, 0, 1]",6,1,1,,1.0,7
539,aa804778-0bf9-11f0-8da2-beb3bfa57af2,27,"[1, 0, 0, 1, 0, 0, 0]",0,1,1,,1.0,7
540,aa804778-0bf9-11f0-8da2-beb3bfa57af2,27,"[1, 0, 0, 1, 0, 0, 0]",1,0,0,,1.0,7
541,aa804778-0bf9-11f0-8da2-beb3bfa57af2,27,"[1, 0, 0, 1, 0, 0, 0]",2,0,0,,1.0,7
542,aa804778-0bf9-11f0-8da2-beb3bfa57af2,27,"[1, 0, 0, 1, 0, 0, 0]",3,1,1,,1.0,7
543,aa804778-0bf9-11f0-8da2-beb3bfa57af2,27,"[1, 0, 0, 1, 0, 0, 0]",4,0,0,,1.0,7
544,aa804778-0bf9-11f0-8da2-beb3bfa57af2,27,"[1, 0, 0, 1, 0, 0, 0]",5,0,0,,1.0,7
545,aa804778-0bf9-11f0-8da2-beb3bfa57af2,27,"[1, 0, 0, 1, 0, 0, 0]",6,0,0,,1.0,7
546,aa804778-0bf9-11f0-8da2-beb3bfa57af2,28,"[0, 1, 0, 1, 1, 1, 1]",0,0,0,,1.0,7
547,aa804778-0bf9-11f0-8da2-beb3bfa57af2,28,"[0, 1, 0, 1, 1, 1, 1]",1,1,1,,1.0,7
548,aa804778-0bf9-11f0-8da2-beb3bfa57af2,28,"[0, 1, 0, 1, 1, 1, 1]",2,0,0,,1.0,7
549,aa804778-0bf9-11f0-8da2-beb3bfa57af2,28,"[0, 1, 0, 1, 1, 1, 1]",3,1,1,,1.0,7
550,aa804778-0bf9-11f0-8da2-beb3bfa57af2,28,"[0, 1, 0, 1, 1, 1, 1]",4,1,1,,1.0,7
551,aa804778-0bf9-11f0-8da2-beb3bfa57af2,28,"[0, 1, 0, 1, 1, 1, 1]",5,1,1,,1.0,7
552,aa804778-0bf9-11f0-8da2-beb3bfa57af2,28,"[0, 1, 0, 1, 1, 1, 1]",6,1,1,,1.0,7
553,aa804778-0bf9-11f0-8da2-beb3bfa57af2,29,"[1, 1, 0, 1, 1, 0, 1]",0,1,1,,1.0,7
554,aa804778-0bf9-11f0-8da2-beb3bfa57af2,29,"[1, 1, 0, 1, 1, 0, 1]",1,1,1,,1.0,7
555,aa804778-0bf9-11f0-8da2-beb3bfa57af2,29,"[1, 1, 0, 1, 1, 0, 1]",2,0,0,,1.0,7
556,aa804778-0bf9-11f0-8da2-beb3bfa57af2,29,"[1, 1, 0, 1, 1, 0, 1]",3,1,1,,1.0,7
557,aa804778-0bf9-11f0-8da2-beb3bfa57af2,29,"[1, 1, 0, 1, 1, 0, 1]",4,1,1,,1.0,7
558,aa804778-0bf9-11f0-8da2-beb3bfa57af2,29,"[1, 1, 0, 1, 1, 0, 1]",5,0,0,,1.0,7
559,aa804778-0bf9-11f0-8da2-beb3bfa57af2,29,"[1, 1, 0, 1, 1, 0, 1]",6,1,1,,1.0,7
560,aa804778-0bf9-11f0-8da2-beb3bfa57af2,30,"[1, 1, 1, 1, 1, 0, 1]",0,1,1,,1.0,7
561,aa804778-0bf9-11f0-8da2-beb3bfa57af2,30,"[1, 1, 1, 1, 1, 0, 1]",1,1,1,,1.0,7
562,aa804778-0bf9-11f0-8da2-beb3bfa57af2,30,"[1, 1, 1, 1, 1, 0, 1]",2,1,1,,1.0,7
563,aa804778-0bf9-11f0-8da2-beb3bfa57af2,30,"[1, 1, 1, 1, 1, 0, 1]",3,1,1,,1.0,7
564,aa804778-0bf9-11f0-8da2-beb3bfa57af2,30,"[1, 1, 1, 1, 1, 0, 1]",4,1,1,,1.0,7
565,aa804778-0bf9-11f0-8da2-beb3bfa57af2,30,"[1, 1, 1, 1, 1, 0, 1]",5,0,0,,1.0,7
566,aa804778-0bf9-11f0-8da2-beb3bfa57af2,30,"[1, 1, 1, 1, 1, 0, 1]",6,1,1,,1.0,7
567,aa804778-0bf9-11f0-8da2-beb3bfa57af2,31,"[1, 1, 0, 1, 0, 1, 1]",0,1,1,,1.0,7
568,aa804778-0bf9-11f0-8da2-beb3bfa57af2,31,"[1, 1, 0, 1, 0, 1, 1]",1,1,1,,1.0,7
569,aa804778-0bf9-11f0-8da2-beb3bfa57af2,31,"[1, 1, 0, 1, 0, 1, 1]",2,0,0,,1.0,7
570,aa804778-0bf9-11f0-8da2-beb3bfa57af2,31,"[1, 1, 0, 1, 0, 1, 1]",3,1,1,,1.0,7
571,aa804778-0bf9-11f0-8da2-beb3bfa57af2,31,"[1, 1, 0, 1, 0, 1, 1]",4,0,0,,1.0,7
572,aa804778-0bf9-11f0-8da2-beb3bfa57af2,31,"[1, 1, 0, 1, 0, 1, 1]",5,1,1,,1.0,7
573,aa804778-0bf9-11f0-8da2-beb3bfa57af2,31,"[1, 1, 0, 1, 0, 1, 1]",6,1,1,,1.0,7
574,aa804778-0bf9-11f0-8da2-beb3bfa57af2,32,"[1, 1, 0, 1, 1, 0, 0]",0,1,1,,1.0,7
575,aa804778-0bf9-11f0-8da2-beb3bfa57af2,32,"[1, 1, 0, 1, 1, 0, 0]",1,1,1,,1.0,7
576,aa804778-0bf9-11f0-8da2-beb3bfa57af2,32,"[1, 1, 0, 1, 1, 0, 0]",2,0,0,,1.0,7
577,aa804778-0bf9-11f0-8da2-beb3bfa57af2,32,"[1, 1, 0, 1, 1, 0, 0]",3,1,1,,1.0,7
578,aa804778-0bf9-11f0-8da2-beb3bfa57af2,32,"[1, 1, 0, 1, 1, 0, 0]",4,1,1,,1.0,7
579,aa804778-0bf9-11f0-8da2-beb3bfa57af2,32,"[1, 1, 0, 1, 1, 0, 0]",5,0,0,,1.0,7
580,aa804778-0bf9-11f0-8da2-beb3bfa57af2,32,"[1, 1, 0, 1, 1, 0, 0]",6,0,0,,1.0,7
581,aa804778-0bf9-11f0-8da2-beb3bfa57af2,33,"[1, 1, 0, 0, 1, 1, 1]",0,1,1,,1.0,7
582,aa804778-0bf9-11f0-8da2-beb3bfa57af2,33,"[1, 1, 0, 0, 1, 1, 1]",1,1,1,,1.0,7
583,aa804778-0bf9-11f0-8da2-beb3bfa57af2,33,"[1, 1, 0, 0, 1, 1, 1]",2,0,0,,1.0,7
584,aa804778-0bf9-11f0-8da2-beb3bfa57af2,33,"[1, 1, 0, 0, 1, 1, 1]",3,0,0,,1.0,7
585,aa804778-0bf9-11f0-8da2-beb3bfa57af2,33,"[1, 1, 0, 0, 1, 1, 1]",4,1,1,,1.0,7
586,aa804778-0bf9-11f0-8da2-beb3bfa57af2,33,"[1, 1, 0, 0, 1, 1, 1]",5,1,1,,1.0,7
587,aa804778-0bf9-11f0-8da2-beb3bfa57af2,33,"[1, 1, 0, 0, 1, 1, 1]",6,1,1,,1.0,7
588,aa804778-0bf9-11f0-8da2-beb3bfa57af2,34,"[1, 1, 1, 1, 1, 1, 1]",0,1,1,,1.0,7
589,aa804778-0bf9-11f0-8da2-beb3bfa57af2,34,"[1, 1, 1, 1, 1, 1, 1]",1,1,1,,1.0,7
590,aa804778-0bf9-11f0-8da2-beb3bfa57af2,34,"[1, 1, 1, 1, 1, 1, 1]",2,1,1,,1.0,7
591,aa804778-0bf9-11f0-8da2-beb3bfa57af2,34,"[1, 1, 1, 1, 1, 1, 1]",3,1,1,,1.0,7
592,aa804778-0bf9-11f0-8da2-beb3bfa57af2,34,"[1, 1, 1, 1, 1, 1, 1]",4,1,1,,1.0,7
593,aa804778-0bf9-11f0-8da2-beb3bfa57af2,34,"[1, 1, 1, 1, 1, 1, 1]",5,1,1,,1.0,7
594,aa804778-0bf9-11f0-8da2-beb3bfa57af2,34,"[1, 1, 1, 1, 1, 1, 1]",6,1,1,,1.0,7
595,aa804778-0bf9-11f0-8da2-beb3bfa57af2,35,"[0, 1, 1, 1, 1, 0, 1]",0,0,0,,1.0,7
596,aa804778-0bf9-11f0-8da2-beb3bfa57af2,35,"[0, 1, 1, 1, 1, 0, 1]",1,1,1,,1.0,7
597,aa804778-0bf9-11f0-8da2-beb3bfa57af2,35,"[0, 1, 1, 1, 1, 0, 1]",2,1,1,,1.0,7
598,aa804778-0bf9-11f0-8da2-beb3bfa57af2,35,"[0, 1, 1, 1, 1, 0, 1]",3,1,1,,1.0,7
599,aa804778-0bf9-11f0-8da2-beb3bfa57af2,35,"[0, 1, 1, 1, 1, 0, 1]",4,1,1,,1.0,7
600,aa804778-0bf9-11f0-8da2-beb3bfa57af2,35,"[0, 1, 1, 1, 1, 0, 1]",5,0,0,,1.0,7
601,aa804778-0bf9-11f0-8da2-beb3bfa57af2,35,"[0, 1, 1, 1, 1, 0, 1]",6,1,1,,1.0,7
602,aa804778-0bf9-11f0-8da2-beb3bfa57af2,36,"[1, 1, 1, 1, 1, 1, 0]",0,1,1,,1.0,7
603,aa804778-0bf9-11f0-8da2-beb3bfa57af2,36,"[1, 1, 1, 1, 1, 1, 0]",1,1,1,,1.0,7
604,aa804778-0bf9-11f0-8da2-beb3bfa57af2,36,"[1, 1, 1, 1, 1, 1, 0]",2,1,1,,1.0,7
605,aa804778-0bf9-11f0-8da2-beb3bfa57af2,36,"[1, 1, 1, 1, 1, 1, 0]",3,1,1,,1.0,7
606,aa804778-0bf9-11f0-8da2-beb3bfa57af2,36,"[1, 1, 1, 1, 1, 1, 0]",4,1,1,,1.0,7
607,aa804778-0bf9-11f0-8da2-beb3bfa57af2,36,"[1, 1, 1, 1, 1, 1, 0]",5,1,1,,1.0,7
608,aa804778-0bf9-11f0-8da2-beb3bfa57af2,36,"[1, 1, 1, 1, 1, 1, 0]",6,0,0,,1.0,7
609,aa804778-0bf9-11f0-8da2-beb3bfa57af2,37,"[1, 1, 1, 0, 0, 0, 1]",0,1,1,,1.0,7
610,aa804778-0bf9-11f0-8da2-beb3bfa57af2,37,"[1, 1, 1, 0, 0, 0, 1]",1,1,1,,1.0,7
611,aa804778-0bf9-11f0-8da2-beb3bfa57af2,37,"[1, 1, 1, 0, 0, 0, 1]",2,1,1,,1.0,7
612,aa804778-0bf9-11f0-8da2-beb3bfa57af2,37,"[1, 1, 1, 0, 0, 0, 1]",3,0,0,,1.0,7
613,aa804778-0bf9-11f0-8da2-beb3bfa57af2,37,"[1, 1, 1, 0, 0, 0, 1]",4,0,0,,1.0,7
614,aa804778-0bf9-11f0-8da2-beb3bfa57af2,37,"[1, 1, 1, 0, 0, 0, 1]",5,0,0,,1.0,7
615,aa804778-0bf9-11f0-8da2-beb3bfa57af2,37,"[1, 1, 1, 0, 0, 0, 1]",6,1,1,,1.0,7
616,aa804778-0bf9-11f0-8da2-beb3bfa57af2,38,"[1, 1, 0, 0, 1, 1, 1]",0,1,1,,1.0,7
617,aa804778-0bf9-11f0-8da2-beb3bfa57af2,38,"[1, 1, 0, 0, 1, 1, 1]",1,1,1,,1.0,7
618,aa804778-0bf9-11f0-8da2-beb3bfa57af2,38,"[1, 1, 0, 0, 1, 1, 1]",2,0,0,,1.0,7
619,aa804778-0bf9-11f0-8da2-beb3bfa57af2,38,"[1, 1, 0, 0, 1, 1, 1]",3,0,0,,1.0,7
620,aa804778-0bf9-11f0-8da2-beb3bfa57af2,38,"[1, 1, 0, 0, 1, 1, 1]",4,1,1,,1.0,7
621,aa804778-0bf9-11f0-8da2-beb3bfa57af2,38,"[1, 1, 0, 0, 1, 1, 1]",5,1,1,,1.0,7
622,aa804778-0bf9-11f0-8da2-beb3bfa57af2,38,"[1, 1, 0, 0, 1, 1, 1]",6,1,1,,1.0,7
623,aa804778-0bf9-11f0-8da2-beb3bfa57af2,39,"[0, 1, 0, 0, 1, 1, 1]",0,0,0,,1.0,7
624,aa804778-0bf9-11f0-8da2-beb3bfa57af2,39,"[0, 1, 0, 0, 1, 1, 1]",1,1,1,,1.0,7
625,aa804778-0bf9-11f0-8da2-beb3bfa57af2,39,"[0, 1, 0, 0, 1, 1, 1]",2,0,0,,1.0,7
626,aa804778-0bf9-11f0-8da2-beb3bfa57af2,39,"[0, 1, 0, 0, 1, 1, 1]",3,0,0,,1.0,7
627,aa804778-0bf9-11f0-8da2-beb3bfa57af2,39,"[0, 1, 0, 0, 1, 1, 1]",4,1,1,,1.0,7
628,aa804778-0bf9-11f0-8da2-beb3bfa57af2,39,"[0, 1, 0, 0, 1, 1, 1]",5,1,1,,1.0,7
629,aa804778-0bf9-11f0-8da2-beb3bfa57af2,39,"[0, 1, 0, 0, 1, 1, 1]",6,1,1,,1.0,7
630,aa804778-0bf9-11f0-8da2-beb3bfa57af2,40,"[1, 1, 0, 0, 1, 0, 0]",0,1,1,,1.0,7
631,aa804778-0bf9-11f0-8da2-beb3bfa57af2,40,"[1, 1, 0, 0, 1, 0, 0]",1,1,1,,1.0,7
632,aa804778-0bf9-11f0-8da2-beb3bfa57af2,40,"[1, 1, 0, 0, 1, 0, 0]",2,0,0,,1.0,7
633,aa804778-0bf9-11f0-8da2-beb3bfa57af2,40,"[1, 1, 0, 0, 1, 0, 0]",3,0,0,,1.0,7
634,aa804778-0bf9-11f0-8da2-beb3bfa57af2,40,"[1, 1, 0, 0, 1, 0, 0]",4,1,1,,1.0,7
635,aa804778-0bf9-11f0-8da2-beb3bfa57af2,40,"[1, 1, 0, 0, 1, 0, 0]",5,0,0,,1.0,7
636,aa804778-0bf9-11f0-8da2-beb3bfa57af2,40,"[1, 1, 0, 0, 1, 0, 0]",6,0,0,,1.0,7
637,aa804778-0bf9-11f0-8da2-beb3bfa57af2,41,"[0, 0, 1, 1, 1, 1, 1]",0,0,0,,1.0,7
638,aa804778-0bf9-11f0-8da2-beb3bfa57af2,41,"[0, 0, 1, 1, 1, 1, 1]",1,0,0,,1.0,7
639,aa804778-0bf9-11f0-8da2-beb3bfa57af2,41,"[0, 0, 1, 1, 1, 1, 1]",2,1,1,,1.0,7
640,aa804778-0bf9-11f0-8da2-beb3bfa57af2,41,"[0, 0, 1, 1, 1, 1, 1]",3,1,1,,1.0,7
641,aa804778-0bf9-11f0-8da2-beb3bfa57af2,41,"[0, 0, 1, 1, 1, 1, 1]",4,1,1,,1.0,7
642,aa804778-0bf9-11f0-8da2-beb3bfa57af2,41,"[0, 0, 1, 1, 1, 1, 1]",5,1,1,,1.0,7
643,aa804778-0bf9-11f0-8da2-beb3bfa57af2,41,"[0, 0, 1, 1, 1, 1, 1]",6,1,1,,1.0,7
644,aa804778-0bf9-11f0-8da2-beb3bfa57af2,42,"[1, 0, 0, 1, 1, 1, 1]",0,1,1,,1.0,7
645,aa804778-0bf9-11f0-8da2-beb3bfa57af2,42,"[1, 0, 0, 1, 1, 1, 1]",1,0,0,,1.0,7
646,aa804778-0bf9-11f0-8da2-beb3bfa57af2,42,"[1, 0, 0, 1, 1, 1, 1]",2,0,0,,1.0,7
647,aa804778-0bf9-11f0-8da2-beb3bfa57af2,42,"[1, 0, 0, 1, 1, 1, 1]",3,1,1,,1.0,7
648,aa804778-0bf9-11f0-8da2-beb3bfa57af2,42,"[1, 0, 0, 1, 1, 1, 1]",4,1,1,,1.0,7
649,aa804778-0bf9-11f0-8da2-beb3bfa57af2,42,"[1, 0, 0, 1, 1, 1, 1]",5,1,1,,1.0,7
650,aa804778-0bf9-11f0-8da2-beb3bfa57af2,42,"[1, 0, 0, 1, 1, 1, 1]",6,1,1,,1.0,7
651,aa804778-0bf9-11f0-8da2-beb3bfa57af2,43,"[1, 1, 0, 1, 1, 1, 1]",0,1,1,,1.0,7
652,aa804778-0bf9-11f0-8da2-beb3bfa57af2,43,"[1, 1, 0, 1, 1, 1, 1]",1,1,1,,1.0,7
653,aa804778-0bf9-11f0-8da2-beb3bfa57af2,43,"[1, 1, 0, 1, 1, 1, 1]",2,0,0,,1.0,7
654,aa804778-0bf9-11f0-8da2-beb3bfa57af2,43,"[1, 1, 0, 1, 1, 1, 1]",3,1,1,,1.0,7
655,aa804778-0bf9-11f0-8da2-beb3bfa57af2,43,"[1, 1, 0, 1, 1, 1, 1]",4,1,1,,1.0,7
656,aa804778-0bf9-11f0-8da2-beb3bfa57af2,43,"[1, 1, 0, 1, 1, 1, 1]",5,1,1,,1.0,7
657,aa804778-0bf9-11f0-8da2-beb3bfa57af2,43,"[1, 1, 0, 1, 1, 1, 1]",6,1,1,,1.0,7
658,aa804778-0bf9-11f0-8da2-beb3bfa57af2,44,"[1, 1, 1, 0, 1, 1, 1]",0,1,1,,1.0,7
659,aa804778-0bf9-11f0-8da2-beb3bfa57af2,44,"[1, 1, 1, 0, 1, 1, 1]",1,1,1,,1.0,7
660,aa804778-0bf9-11f0-8da2-beb3bfa57af2,44,"[1, 1, 1, 0, 1, 1, 1]",2,1,1,,1.0,7
661,aa804778-0bf9-11f0-8da2-beb3bfa57af2,44,"[1, 1, 1, 0, 1, 1, 1]",3,0,0,,1.0,7
662,aa804778-0bf9-11f0-8da2-beb3bfa57af2,44,"[1, 1, 1, 0, 1, 1, 1]",4,1,1,,1.0,7
663,aa804778-0bf9-11f0-8da2-beb3bfa57af2,44,"[1, 1, 1, 0, 1, 1, 1]",5,1,1,,1.0,7
664,aa804778-0bf9-11f0-8da2-beb3bfa57af2,44,"[1, 1, 1, 0, 1, 1, 1]",6,1,1,,1.0,7
665,aa804778-0bf9-11f0-8da2-beb3bfa57af2,45,"[1, 1, 1, 1, 1, 1, 1]",0,1,1,,1.0,7
666,aa804778-0bf9-11f0-8da2-beb3bfa57af2,45,"[1, 1, 1, 1, 1, 1, 1]",1,1,1,,1.0,7
667,aa804778-0bf9-11f0-8da2-beb3bfa57af2,45,"[1, 1, 1, 1, 1, 1, 1]",2,1,1,,1.0,7
668,aa804778-0bf9-11f0-8da2-beb3bfa57af2,45,"[1, 1, 1, 1, 1, 1, 1]",3,1,1,,1.0,7
669,aa804778-0bf9-11f0-8da2-beb3bfa57af2,45,"[1, 1, 1, 1, 1, 1, 1]",4,1,1,,1.0,7
670,aa804778-0bf9-11f0-8da2-beb3bfa57af2,45,"[1, 1, 1, 1, 1, 1, 1]",5,1,1,,1.0,7
671,aa804778-0bf9-11f0-8da2-beb3bfa57af2,45,"[1, 1, 1, 1, 1, 1, 1]",6,1,1,,1.0,7
672,aa804778-0bf9-11f0-8da2-beb3bfa57af2,46,"[1, 1, 1, 1, 1, 1, 1]",0,1,1,,1.0,7
673,aa804778-0bf9-11f0-8da2-beb3bfa57af2,46,"[1, 1, 1, 1, 1, 1, 1]",1,1,1,,1.0,7
674,aa804778-0bf9-11f0-8da2-beb3bfa57af2,46,"[1, 1, 1, 1, 1, 1, 1]",2,1,1,,1.0,7
675,aa804778-0bf9-11f0-8da2-beb3bfa57af2,46,"[1, 1, 1, 1, 1, 1, 1]",3,1,1,,1.0,7
676,aa804778-0bf9-11f0-8da2-beb3bfa57af2,46,"[1, 1, 1, 1, 1, 1, 1]",4,1,1,,1.0,7
677,aa804778-0bf9-11f0-8da2-beb3bfa57af2,46,"[1, 1, 1, 1, 1, 1, 1]",5,1,1,,1.0,7
678,aa804778-0bf9-11f0-8da2-beb3bfa57af2,46,"[1, 1, 1, 1, 1, 1, 1]",6,1,1,,1.0,7
679,aa804778-0bf9-11f0-8da2-beb3bfa57af2,47,"[0, 1, 1, 0, 1, 1, 1]",0,0,0,,1.0,7
680,aa804778-0bf9-11f0-8da2-beb3bfa57af2,47,"[0, 1, 1, 0, 1, 1, 1]",1,1,1,,1.0,7
681,aa804778-0bf9-11f0-8da2-beb3bfa57af2,47,"[0, 1, 1, 0, 1, 1, 1]",2,1,1,,1.0,7
682,aa804778-0bf9-11f0-8da2-beb3bfa57af2,47,"[0, 1, 1, 0, 1, 1, 1]",3,0,0,,1.0,7
683,aa804778-0bf9-11f0-8da2-beb3bfa57af2,47,"[0, 1, 1, 0, 1, 1, 1]",4,1,1,,1.0,7
684,aa804778-0bf9-11f0-8da2-beb3bfa57af2,47,"[0, 1, 1, 0, 1, 1, 1]",5,1,1,,1.0,7
685,aa804778-0bf9-11f0-8da2-beb3bfa57af2,47,"[0, 1, 1, 0, 1, 1, 1]",6,1,1,,1.0,7
686,aa804778-0bf9-11f0-8da2-beb3bfa57af2,48,"[1, 1, 1, 0, 1, 1, 1]",0,1,1,,1.0,7
687,aa804778-0bf9-11f0-8da2-beb3bfa57af2,48,"[1, 1, 1, 0, 1, 1, 1]",1,1,1,,1.0,7
688,aa804778-0bf9-11f0-8da2-beb3bfa57af2,48,"[1, 1, 1, 0, 1, 1, 1]",2,1,1,,1.0,7
689,aa804778-0bf9-11f0-8da2-beb3bfa57af2,48,"[1, 1, 1, 0, 1, 1, 1]",3,0,0,,1.0,7
690,aa804778-0bf9-11f0-8da2-beb3bfa57af2,48,"[1, 1, 1, 0, 1, 1, 1]",4,1,1,,1.0,7
691,aa804778-0bf9-11f0-8da2-beb3bfa57af2,48,"[1, 1, 1, 0, 1, 1, 1]",5,1,1,,1.0,7
692,aa804778-0bf9-11f0-8da2-beb3bfa57af2,48,"[1, 1, 1, 0, 1, 1, 1]",6,1,1,,1.0,7
693,aa804778-0bf9-11f0-8da2-beb3bfa57af2,49,"[1, 1, 1, 1, 1, 0, 1]",0,1,1,,1.0,7
694,aa804778-0bf9-11f0-8da2-beb3bfa57af2,49,"[1, 1, 1, 1, 1, 0, 1]",1,1,1,,1.0,7
695,aa804778-0bf9-11f0-8da2-beb3bfa57af2,49,"[1, 1, 1, 1, 1, 0, 1]",2,1,1,,1.0,7
696,aa804778-0bf9-11f0-8da2-beb3bfa57af2,49,"[1, 1, 1, 1, 1, 0, 1]",3,1,1,,1.0,7
697,aa804778-0bf9-11f0-8da2-beb3bfa57af2,49,"[1, 1, 1, 1, 1, 0, 1]",4,1,1,,1.0,7
698,aa804778-0bf9-11f0-8da2-beb3bfa57af2,49,"[1, 1, 1, 1, 1, 0, 1]",5,0,0,,1.0,7
699,aa804778-0bf9-11f0-8da2-beb3bfa57af2,49,"[1, 1, 1, 1, 1, 0, 1]",6,1,1,,1.0,7
